999 999 10
999 10 12
10 12 31
12 31 413
31 413 378
413 378 16
999 999 88
999 88 26
26 998 7
998 7 30
998 998 38
998 38 478
999 999 192
999 192 22
192 22 83
22 83 151
83 151 17
151 17 10
17 10 220
10 220 317
220 317 26
317 26 63
26 63 242
63 242 214
242 214 7
214 7 467
999 999 53
999 53 63
53 63 83
63 83 110
83 110 95
110 95 20
20 998 10
10 998 627
998 627 744
999 999 10
999 10 16
10 16 5
16 5 31
5 31 388
388 998 172
172 998 408
999 999 0
999 0 87
87 998 135
998 135 67
135 67 143
67 143 50
143 50 0
998 998 67
998 67 247
67 247 63
63 998 14
998 998 1
998 1 37
998 998 15
15 998 12
998 12 155
12 155 17
155 17 2
2 998 890
890 998 7
998 7 2
7 2 16
2 16 11
16 11 12
12 998 3
998 3 97
3 97 145
999 999 9
999 9 237
9 237 663
237 663 11
663 11 46
11 46 22
46 22 99
22 99 36
99 36 10
998 998 36
998 998 48
998 48 396
999 999 9
999 9 95
95 998 859
998 859 140
859 140 8
999 999 9
999 9 24
9 24 73
24 73 624
73 624 4
624 4 774
774 998 304
998 304 103
304 103 17
103 17 10
17 10 5
10 5 607
5 607 667
607 667 4
667 4 2
2 998 3
998 3 176
3 176 572
176 572 62
62 998 108
108 998 1
1 998 19
998 19 0
0 998 1
998 1 252
1 252 39
39 998 2
998 2 171
999 999 186
999 186 19
186 19 10
10 998 9
998 998 82
998 82 0
82 0 18
0 18 12
999 999 0
999 0 112
0 112 911
112 911 12
999 998 590
998 590 1
590 1 348
999 999 176
999 176 452
176 452 4
452 4 569
4 569 17
569 17 15
17 15 55
55 998 3
998 3 47
3 47 12
12 998 92
998 92 38
92 38 132
999 999 9
999 9 941
9 941 9
941 9 195
9 195 24
24 998 168
998 168 3
168 3 0
3 0 18
0 18 17
18 17 9
17 9 288
9 288 0
0 998 3
998 3 8
3 8 1
8 1 277
1 277 39
277 39 452
39 452 4
452 4 569
4 569 3
569 3 89
3 89 199
199 998 202
998 202 97
202 97 145
145 998 14
998 14 227
14 227 321
999 999 9
9 998 369
998 369 10
369 10 18
10 18 29
18 29 28
998 998 0
998 998 7
998 7 2
7 2 881
881 998 1
998 998 1
998 998 193
998 193 718
193 718 342
718 342 13
342 13 32
13 32 204
32 204 295
204 295 4
295 4 81
999 999 6
999 6 6
6 6 17
6 17 210
17 210 19
210 19 354
19 354 2
998 998 0
998 0 79
0 79 3
3 998 530
530 998 4
4 998 515
998 515 2
2 998 406
998 406 2
999 999 1
999 1 4
4 998 0
0 998 515
998 515 91
998 998 8
998 8 44
8 44 19
44 19 0
0 998 14
14 998 3
998 3 0
3 0 508
999 999 6
999 6 6
6 6 155
6 155 53
998 998 11
998 11 551
11 551 19
551 19 0
0 998 502
998 502 3
502 3 0
0 998 304
998 304 0
999 999 438
438 998 1
1 998 943
998 943 4
943 4 24
998 998 530
998 530 14
14 998 0
998 998 14
998 14 0
14 0 312
998 998 6
998 6 6
6 998 755
998 755 26
26 998 14
998 14 2
998 998 581
998 581 3
581 3 718
718 998 15
998 15 10
10 998 112
998 112 38
112 38 4
4 998 123
998 123 418
123 418 7
999 999 10
999 10 5
10 5 0
5 0 238
0 238 3
238 3 18
3 18 14
18 14 2
998 998 50
998 50 0
50 0 347
0 347 3
347 3 0
3 0 180
0 180 66
180 66 137
137 998 15
998 15 89
15 89 199
89 199 955
199 955 13
955 13 21
21 998 78
998 78 2
78 2 197
197 998 1
1 998 14
998 14 2
14 2 364
2 364 3
364 3 615
999 999 372
999 372 342
372 342 34
34 998 1
998 998 13
998 13 204
998 998 0
998 0 112
0 112 353
999 999 46
999 46 22
46 22 55
55 998 4
4 998 55
998 998 39
998 39 2
2 998 1
998 998 140
998 140 156
140 156 754
156 754 117
754 117 29
117 29 89
29 89 113
999 999 2
999 2 218
2 218 18
218 18 7
18 7 169
7 169 274
169 274 1
274 1 27
1 27 11
27 11 977
11 977 0
0 998 8
999 999 13
999 13 387
13 387 24
24 998 28
998 28 0
28 0 360
0 360 11
360 11 137
137 998 7
998 7 10
7 10 18
10 18 22
18 22 646
22 646 413
999 999 0
999 0 112
0 112 51
51 998 275
998 275 0
0 998 3
998 3 0
3 0 650
999 999 50
999 50 341
50 341 22
341 22 183
22 183 32
183 32 175
32 175 4
175 4 26
26 998 17
998 17 50
17 50 55
50 55 341
55 341 22
341 22 183
22 183 32
183 32 398
32 398 0
0 998 3
998 3 2
3 2 318
2 318 164
318 164 437
999 999 1
999 1 0
1 0 437
0 437 444
437 444 2
444 2 131
2 131 62
131 62 816
62 816 70
816 70 139
70 139 28
139 28 26
28 26 35
35 998 29
998 29 10
29 10 574
999 999 25
999 25 91
25 91 207
91 207 56
207 56 0
0 998 4
4 998 23
998 23 278
23 278 114
999 999 10
999 10 5
10 5 2
5 2 18
2 18 59
18 59 139
59 139 26
139 26 106
26 106 30
30 998 900
998 900 7
7 998 30
998 30 38
38 998 34
998 34 31
999 999 8
999 8 5
8 5 31
998 998 1
998 998 3
3 998 7
998 7 2
2 998 245
998 245 89
89 998 1
998 1 89
999 999 0
999 0 245
0 245 5
245 5 250
5 250 30
250 30 27
30 27 3
27 3 0
3 0 87
0 87 514
87 514 178
178 998 792
998 792 7
792 7 431
7 431 618
998 998 33
998 33 12
33 12 293
12 293 35
35 998 7
998 7 115
7 115 0
115 0 855
999 999 9
999 9 58
9 58 369
58 369 11
369 11 10
11 10 18
10 18 26
18 26 595
26 595 7
595 7 28
28 998 13
998 13 21
13 21 75
21 75 109
75 109 64
109 64 2
64 2 122
2 122 19
122 19 10
19 10 851
998 998 5
998 5 413
413 998 1
998 1 27
27 998 29
998 29 37
37 998 4
4 998 0
0 998 3
998 3 2
3 2 245
245 998 34
998 34 10
999 999 43
43 998 361
998 361 172
361 172 0
172 0 982
998 998 686
998 686 172
686 172 0
172 0 890
890 998 15
998 15 0
15 0 167
167 998 3
999 999 37
999 37 890
890 998 5
998 5 35
35 998 248
998 248 134
248 134 95
134 95 26
998 998 14
998 14 89
89 998 3
3 998 19
998 19 2
2 998 3
998 998 1
1 998 59
998 998 5
998 5 0
5 0 394
394 998 4
998 4 296
4 296 37
296 37 449
37 449 1
449 1 120
1 120 35
120 35 15
998 998 1
998 1 2
2 998 3
3 998 39
998 39 13
998 998 13
999 999 289
999 289 32
289 32 94
32 94 2
2 998 3
3 998 890
998 998 7
7 998 15
998 15 27
15 27 153
999 999 10
999 10 18
10 18 5
18 5 62
5 62 31
998 998 1
998 1 162
998 998 139
998 139 26
26 998 3
998 3 8
999 999 0
999 0 60
0 60 272
60 272 14
272 14 20
14 20 307
20 307 8
307 8 5
8 5 43
5 43 21
43 21 22
21 22 20
22 20 900
20 900 7
900 7 79
999 999 17
999 17 53
17 53 43
53 43 21
43 21 36
21 36 849
36 849 103
849 103 113
103 113 10
113 10 5
10 5 98
5 98 28
998 998 29
998 29 0
999 998 5
998 5 31
31 998 302
998 302 3
302 3 85
3 85 2
998 998 66
66 998 37
998 37 199
37 199 643
199 643 7
643 7 2
2 998 3
999 999 1
999 1 43
1 43 70
43 70 88
88 998 15
998 15 79
79 998 34
998 34 0
0 998 3
3 998 91
998 91 70
91 70 22
70 22 355
22 355 967
999 999 836
999 836 21
836 21 24
21 24 6
24 6 6
998 998 13
998 13 701
701 998 689
998 689 689
999 998 3
999 999 430
999 430 539
430 539 127
539 127 7
127 7 0
7 0 84
0 84 134
84 134 191
134 191 203
203 998 10
998 10 119
10 119 42
119 42 55
55 998 6
998 6 6
6 6 796
796 998 13
998 998 34
998 34 0
34 0 84
0 84 326
84 326 1
326 1 146
1 146 0
998 998 3
998 3 0
0 998 6
998 6 6
998 998 13
998 13 0
0 998 728
998 728 3
728 3 0
0 998 150
150 998 69
998 69 0
0 998 1
998 1 150
1 150 483
150 483 37
483 37 199
199 998 17
998 17 124
998 998 20
20 998 190
998 190 4
190 4 24
4 24 2
2 998 19
998 19 0
19 0 502
999 999 41
41 998 32
998 32 24
998 998 377
377 998 1
1 998 32
998 32 229
32 229 53
229 53 260
260 998 14
998 14 946
999 999 124
999 124 430
430 998 3
998 3 0
0 998 190
998 190 4
190 4 24
4 24 291
291 998 37
998 37 199
37 199 574
199 574 47
574 47 2
999 999 6
999 6 6
6 6 604
604 998 13
998 13 291
998 998 13
998 998 13
998 13 23
999 998 412
998 412 210
412 210 56
210 56 15
56 15 97
97 998 14
998 14 86
14 86 724
86 724 0
724 0 61
0 61 35
61 35 52
35 52 497
52 497 86
497 86 2
2 998 285
998 285 29
285 29 0
0 998 6
998 6 6
6 6 1
6 1 401
1 401 6
401 6 6
998 998 13
998 13 701
998 998 3
998 3 0
0 998 503
998 998 7
998 7 37
37 998 15
998 15 2
2 998 3
998 3 939
998 998 14
998 14 117
14 117 7
117 7 0
7 0 966
0 966 180
966 180 39
180 39 154
999 999 37
999 37 113
37 113 222
113 222 3
3 998 198
998 198 60
198 60 73
60 73 4
4 998 0
998 0 690
690 998 338
998 338 3
3 998 276
999 999 9
999 9 200
9 200 8
200 8 12
8 12 51
12 51 298
51 298 17
298 17 784
17 784 20
784 20 168
20 168 3
168 3 0
3 0 145
0 145 180
999 999 71
999 71 70
71 70 185
70 185 130
185 130 32
130 32 152
152 998 172
998 172 6
172 6 6
998 998 57
998 57 12
57 12 123
12 123 107
123 107 58
107 58 24
58 24 73
24 73 619
73 619 0
619 0 219
0 219 119
999 999 32
999 32 88
32 88 896
896 998 36
998 36 11
36 11 97
11 97 49
999 999 255
255 998 20
20 998 6
998 6 6
6 6 35
6 35 15
35 15 2
15 2 173
2 173 1
173 1 942
1 942 36
942 36 10
36 10 21
10 21 24
21 24 0
0 998 3
998 998 203
998 203 6
203 6 6
6 6 349
999 999 32
999 32 544
32 544 129
129 998 671
998 671 537
671 537 82
537 82 32
32 998 35
998 35 71
999 999 98
999 98 28
98 28 110
28 110 5
110 5 27
5 27 3
27 3 0
998 998 46
998 46 5
46 5 21
5 21 396
21 396 153
999 999 6
999 6 6
6 6 84
998 998 747
998 747 1
747 1 747
1 747 3
999 999 32
999 32 74
32 74 183
74 183 8
183 8 30
998 998 41
998 41 39
41 39 0
999 999 6
999 6 6
6 6 329
998 998 948
998 948 728
728 998 2
998 2 171
999 999 50
999 50 20
20 998 37
998 37 501
37 501 22
999 999 191
999 191 0
0 998 3
998 3 857
857 998 948
998 948 728
948 728 5
999 999 6
999 6 6
6 998 948
998 948 728
728 998 26
998 26 624
26 624 13
998 998 6
998 6 6
6 6 844
999 999 158
999 158 42
158 42 380
42 380 7
380 7 37
7 37 501
37 501 50
501 50 430
50 430 7
430 7 114
999 999 124
999 124 611
124 611 193
998 998 31
31 998 39
998 39 14
39 14 252
14 252 4
252 4 493
4 493 15
493 15 11
11 998 7
998 7 37
7 37 501
37 501 9
501 9 571
999 999 116
999 116 32
116 32 350
999 999 6
999 6 6
6 6 1
998 998 55
55 998 650
998 650 107
650 107 5
5 998 430
998 430 334
430 334 701
334 701 38
701 38 728
999 999 6
999 6 6
6 6 50
6 50 28
50 28 12
28 12 291
12 291 1
291 1 224
1 224 9
224 9 124
9 124 412
124 412 361
412 361 21
361 21 33
21 33 12
12 998 904
998 904 1
904 1 132
999 999 9
999 9 412
9 412 53
412 53 361
53 361 21
361 21 47
21 47 12
47 12 291
12 291 1
291 1 224
1 224 6
224 6 6
6 6 4
4 998 56
998 56 32
56 32 28
32 28 417
28 417 140
417 140 180
140 180 326
326 998 202
998 202 227
227 998 4
998 4 92
4 92 29
92 29 28
29 28 6
28 6 6
6 6 589
6 589 29
589 29 0
29 0 126
999 999 635
999 635 430
635 430 404
430 404 37
404 37 789
37 789 4
789 4 0
4 0 847
998 998 1
998 1 888
888 998 260
998 260 338
999 998 221
998 221 204
221 204 2
2 998 45
998 45 178
45 178 229
999 999 65
999 65 2
2 998 19
998 19 50
19 50 9
50 9 88
9 88 118
88 118 260
118 260 338
260 338 34
338 34 45
998 998 1
998 1 5
1 5 251
5 251 565
251 565 19
565 19 0
19 0 873
0 873 30
873 30 728
30 728 3
728 3 0
0 998 220
998 220 26
220 26 45
26 45 873
45 873 43
873 43 430
43 430 166
430 166 4
166 4 161
4 161 86
161 86 46
999 999 192
999 192 326
326 998 22
22 998 239
998 239 4
4 998 29
998 998 42
998 42 4
42 4 26
26 998 239
239 998 7
998 7 129
7 129 857
129 857 519
999 999 6
999 6 6
6 6 83
6 83 457
999 999 0
999 0 18
0 18 5
18 5 451
5 451 19
451 19 2
2 998 645
998 645 6
645 6 6
998 998 2
998 2 279
2 279 3
279 3 292
998 998 530
998 530 3
3 998 1
998 1 438
1 438 114
438 114 1
999 999 9
999 9 24
9 24 319
24 319 28
319 28 292
999 999 0
999 0 84
0 84 104
84 104 22
104 22 311
999 999 0
999 0 228
0 228 368
228 368 31
31 998 11
998 11 116
11 116 20
116 20 210
20 210 127
999 999 17
17 998 159
998 159 5
159 5 531
531 998 1
1 998 35
999 999 10
999 10 614
10 614 5
614 5 0
998 998 4
998 4 64
4 64 0
0 998 3
3 998 337
998 337 108
337 108 678
108 678 78
678 78 2
998 998 3
998 3 2
3 2 18
2 18 11
18 11 536
11 536 8
8 998 0
0 998 3
3 998 1
998 1 120
1 120 155
120 155 3
155 3 0
3 0 425
0 425 6
425 6 6
998 998 273
273 998 4
4 998 8
999 999 9
999 9 62
9 62 114
62 114 0
0 998 208
998 208 1
1 998 103
998 103 3
103 3 0
0 998 1
998 1 89
1 89 82
89 82 3
82 3 0
0 998 11
11 998 7
998 7 92
999 999 32
999 32 251
32 251 0
0 998 360
998 360 4
360 4 26
4 26 7
26 7 129
7 129 103
129 103 1
103 1 8
1 8 152
8 152 543
152 543 43
543 43 32
43 32 95
32 95 493
95 493 362
999 999 0
999 0 272
0 272 9
272 9 12
9 12 663
12 663 30
663 30 10
30 10 18
10 18 12
18 12 82
12 82 8
82 8 273
273 998 190
999 999 0
999 0 61
0 61 128
61 128 42
128 42 2
998 998 18
998 18 481
481 998 108
998 108 90
108 90 1
90 1 0
1 0 162
0 162 5
999 999 35
999 35 0
998 998 4
998 4 375
4 375 2
375 2 178
998 998 4
998 4 576
4 576 0
576 0 426
999 999 491
999 491 5
491 5 27
5 27 145
27 145 298
145 298 246
298 246 7
246 7 0
7 0 18
0 18 33
18 33 290
290 998 17
998 17 430
430 998 7
998 7 8
999 999 18
999 18 5
18 5 415
5 415 1
415 1 524
1 524 30
998 998 33
33 998 45
998 45 3
45 3 23
998 998 34
998 34 23
34 23 388
23 388 485
388 485 1
1 998 8
998 8 78
8 78 0
78 0 225
999 999 9
999 9 633
9 633 0
633 0 18
0 18 95
18 95 24
95 24 73
24 73 31
31 998 4
998 4 143
4 143 388
143 388 103
999 999 32
999 32 95
32 95 24
95 24 747
24 747 3
3 998 30
998 30 151
30 151 33
33 998 7
998 7 92
999 999 46
999 46 5
46 5 27
5 27 280
27 280 7
280 7 10
7 10 18
10 18 33
18 33 12
12 998 34
998 34 0
0 998 1
998 1 89
1 89 299
998 998 1
998 998 943
998 943 13
943 13 71
999 999 9
999 9 468
9 468 142
468 142 166
142 166 4
166 4 24
4 24 4
998 998 14
998 14 2
14 2 162
2 162 4
162 4 94
4 94 2
94 2 48
48 998 4
998 4 0
4 0 103
0 103 3
103 3 0
999 999 43
999 43 97
43 97 22
97 22 869
22 869 10
869 10 94
10 94 8
94 8 13
13 998 13
998 13 21
13 21 66
999 999 611
999 611 26
999 999 243
999 243 10
243 10 27
10 27 209
27 209 62
209 62 2
2 998 862
998 862 120
862 120 8
8 998 136
998 136 2
999 998 5
998 5 0
5 0 84
0 84 396
84 396 3
396 3 2
3 2 174
998 998 33
998 33 5
33 5 334
5 334 436
334 436 38
38 998 14
998 14 23
14 23 238
23 238 3
238 3 110
3 110 1
1 998 594
998 594 47
594 47 10
47 10 16
10 16 5
16 5 40
999 999 8
999 8 5
8 5 451
5 451 19
451 19 0
998 998 2
998 2 165
2 165 150
165 150 575
150 575 17
575 17 209
17 209 947
209 947 4
947 4 26
26 998 19
998 19 11
999 999 0
999 0 16
0 16 5
5 998 15
998 15 45
15 45 853
998 998 29
998 29 217
29 217 14
217 14 312
312 998 59
998 59 5
59 5 334
334 998 20
998 20 14
20 14 0
14 0 80
0 80 151
80 151 3
151 3 257
3 257 38
257 38 974
38 974 8
8 998 19
998 19 123
123 998 238
998 238 3
238 3 470
3 470 38
470 38 19
38 19 21
19 21 108
21 108 2
2 998 332
998 332 38
332 38 20
998 998 46
998 46 209
46 209 72
209 72 4
999 998 3
998 3 68
3 68 9
68 9 161
9 161 10
161 10 16
10 16 4
16 4 26
4 26 31
999 999 304
999 304 2
2 998 308
998 308 9
308 9 12
12 998 140
998 140 0
0 998 251
998 251 10
10 998 3
998 3 2
3 2 16
999 999 47
999 47 67
47 67 32
67 32 522
32 522 6
522 6 6
6 6 43
6 43 10
43 10 5
10 5 117
5 117 98
998 998 14
998 998 55
998 55 571
55 571 430
571 430 801
801 998 6
998 6 6
6 6 1
6 1 132
1 132 116
132 116 604
604 998 189
998 189 10
189 10 214
999 999 41
41 998 6
998 6 6
6 6 540
6 540 9
540 9 678
9 678 19
678 19 0
19 0 16
0 16 778
16 778 0
778 0 126
0 126 35
126 35 9
35 9 152
9 152 74
152 74 72
74 72 3
72 3 0
3 0 112
999 999 17
999 17 10
10 998 73
998 73 0
73 0 113
0 113 168
999 999 10
998 998 545
998 545 924
545 924 338
924 338 10
10 998 245
998 245 10
245 10 134
10 134 5
134 5 782
5 782 44
782 44 3
44 3 0
3 0 715
715 998 38
998 38 0
38 0 693
693 998 99
999 999 52
52 998 0
998 0 449
998 998 1
1 998 0
998 0 331
0 331 441
331 441 9
441 9 152
9 152 517
999 999 83
999 83 400
83 400 6
400 6 6
6 6 98
6 98 10
98 10 9
10 9 65
9 65 4
65 4 64
4 64 85
64 85 8
8 998 6
998 6 6
6 6 71
6 71 3
71 3 257
3 257 10
10 998 34
998 34 601
34 601 42
601 42 2
2 998 483
998 483 35
483 35 0
0 998 757
998 757 5
999 999 1
999 1 406
1 406 32
32 998 37
999 999 1
999 1 406
1 406 406
999 999 0
999 0 545
545 998 37
37 998 44
999 999 6
999 6 6
6 6 10
6 10 5
5 998 254
999 999 6
999 6 6
999 998 18
998 18 40
18 40 292
998 998 34
34 998 389
998 389 106
389 106 619
106 619 40
619 40 7
998 998 33
998 33 175
33 175 4
175 4 74
4 74 63
74 63 789
63 789 141
789 141 289
141 289 179
179 998 5
998 5 124
124 998 0
0 998 14
14 998 35
998 35 32
32 998 127
998 127 4
127 4 156
4 156 754
156 754 4
754 4 612
4 612 0
0 998 34
34 998 2
998 998 25
998 998 106
998 106 23
23 998 7
998 7 741
7 741 150
741 150 32
32 998 190
998 190 88
190 88 295
88 295 4
295 4 337
4 337 1
337 1 100
1 100 233
100 233 372
233 372 1
998 998 179
998 179 4
179 4 473
4 473 2
473 2 117
117 998 526
998 526 30
526 30 37
37 998 449
998 998 2
998 2 246
2 246 33
246 33 39
33 39 474
39 474 4
474 4 64
4 64 4
64 4 8
4 8 37
8 37 570
570 998 2
2 998 131
999 999 0
0 998 74
998 74 0
74 0 313
0 313 3
998 998 78
998 78 0
0 998 3
998 3 2
998 998 0
998 0 104
104 998 360
998 360 78
360 78 522
78 522 25
522 25 5
25 5 27
5 27 3
27 3 0
0 998 341
998 341 7
999 999 17
999 17 2
17 2 407
2 407 3
998 998 160
998 160 0
160 0 503
0 503 100
503 100 0
0 998 5
998 998 33
998 33 262
33 262 353
262 353 15
353 15 0
998 998 25
998 25 42
25 42 2
2 998 19
998 19 780
780 998 6
998 6 6
6 6 10
6 10 18
10 18 5
18 5 718
5 718 695
999 998 319
998 319 13
13 998 260
998 260 617
260 617 13
13 998 1
998 1 177
998 998 263
998 263 441
263 441 35
441 35 178
35 178 1
1 998 128
998 128 148
128 148 459
148 459 5
459 5 336
5 336 111
336 111 4
111 4 81
998 998 5
998 5 174
5 174 48
174 48 13
48 13 0
0 998 449
998 449 17
449 17 8
17 8 5
998 998 2
998 2 145
145 998 1
1 998 13
998 13 2
2 998 382
382 998 780
780 998 33
998 33 177
33 177 72
72 998 0
998 0 119
999 999 15
999 15 413
15 413 298
298 998 52
52 998 435
998 435 668
435 668 456
668 456 0
456 0 18
0 18 148
18 148 9
148 9 158
9 158 58
158 58 24
58 24 411
24 411 4
411 4 24
4 24 106
24 106 92
106 92 807
92 807 37
807 37 53
37 53 49
53 49 7
49 7 10
999 999 0
999 0 112
0 112 7
112 7 10
7 10 18
10 18 5
18 5 2
5 2 222
2 222 682
222 682 17
17 998 9
998 9 251
9 251 0
251 0 18
0 18 4
18 4 26
4 26 432
26 432 1
432 1 244
999 999 10
999 10 302
10 302 3
302 3 0
0 998 344
998 344 2
344 2 946
946 998 524
998 524 30
998 998 380
998 380 717
998 998 13
999 999 30
999 30 10
30 10 57
10 57 183
57 183 0
0 998 14
998 14 0
0 998 12
998 12 4
12 4 189
4 189 136
136 998 790
998 790 1
790 1 94
1 94 8
94 8 295
295 998 1
998 1 156
1 156 170
156 170 1
1 998 4
998 4 130
4 130 15
130 15 10
15 10 18
18 998 20
998 20 60
60 998 0
0 998 17
17 998 97
97 998 249
998 249 231
249 231 24
231 24 65
24 65 14
65 14 8
999 999 25
999 25 686
25 686 0
686 0 61
0 61 15
15 998 1
998 1 31
1 31 809
31 809 4
4 998 1
1 998 342
998 342 34
342 34 23
34 23 151
23 151 11
151 11 22
11 22 155
22 155 324
155 324 69
69 998 258
999 999 27
999 27 95
95 998 11
998 11 0
998 998 3
3 998 27
998 27 3
27 3 0
3 0 113
0 113 624
113 624 101
624 101 7
998 998 121
998 121 12
12 998 30
998 998 7
998 7 0
7 0 18
0 18 17
18 17 9
17 9 100
9 100 15
100 15 23
15 23 232
23 232 128
128 998 42
998 42 146
146 998 11
999 999 46
999 46 5
46 5 136
5 136 2
2 998 1
1 998 7
998 7 23
23 998 11
998 11 8
11 8 444
8 444 854
444 854 4
854 4 53
53 998 249
998 249 321
249 321 7
321 7 0
7 0 214
0 214 276
214 276 841
276 841 106
106 998 81
998 81 8
81 8 317
8 317 267
317 267 25
267 25 5
999 999 1
999 1 47
1 47 2
2 998 8
998 8 5
8 5 4
5 4 136
4 136 2
2 998 280
998 280 4
280 4 26
4 26 492
26 492 4
492 4 189
4 189 136
189 136 2
136 2 71
2 71 624
71 624 805
624 805 1
805 1 94
1 94 8
94 8 35
35 998 23
998 23 199
23 199 5
199 5 174
999 999 8
999 8 5
8 5 356
5 356 2
2 998 4
998 4 64
4 64 31
64 31 280
280 998 23
23 998 35
998 35 71
35 71 4
71 4 26
4 26 492
26 492 4
492 4 94
4 94 2
94 2 107
2 107 35
107 35 145
35 145 34
145 34 169
34 169 685
169 685 25
25 998 184
998 184 4
184 4 0
998 998 3
998 3 23
3 23 393
23 393 1
393 1 4
1 4 94
4 94 8
94 8 28
28 998 35
998 35 278
999 999 41
999 41 2
2 998 7
7 998 6
998 6 6
6 6 0
6 0 80
80 998 3
998 3 0
3 0 173
0 173 22
22 998 13
998 13 71
13 71 17
71 17 91
17 91 170
91 170 32
170 32 24
32 24 4
24 4 26
4 26 7
26 7 636
7 636 4
4 998 0
0 998 3
3 998 232
998 232 1
232 1 32
1 32 81
998 998 5
998 5 0
0 998 3
998 998 2
2 998 463
998 463 148
463 148 20
148 20 13
20 13 879
13 879 368
879 368 13
368 13 0
13 0 27
0 27 30
998 998 13
13 998 7
998 7 0
7 0 18
998 998 5
998 5 2
998 998 13
998 13 0
0 998 3
998 3 946
3 946 483
998 998 1
1 998 1
998 998 13
998 13 0
0 998 3
998 3 946
3 946 980
946 980 1
980 1 478
998 998 1
1 998 13
998 13 0
0 998 3
998 3 946
3 946 241
946 241 4
241 4 210
4 210 6
210 6 6
6 6 604
998 998 39
998 39 0
39 0 203
0 203 935
203 935 15
935 15 23
998 998 2
2 998 4
998 4 0
4 0 214
0 214 11
11 998 56
998 56 71
56 71 4
71 4 0
0 998 3
998 3 484
3 484 279
484 279 30
998 998 1
1 998 754
754 998 39
998 39 13
39 13 71
13 71 13
999 999 0
999 0 145
145 998 4
998 4 26
4 26 251
26 251 128
251 128 148
128 148 5
148 5 0
5 0 232
0 232 3
232 3 178
998 998 13
998 998 41
41 998 202
998 202 121
998 998 1
998 1 317
1 317 27
317 27 3
27 3 0
3 0 113
113 998 1
998 1 0
1 0 87
0 87 145
87 145 121
121 998 19
998 19 18
19 18 6
18 6 6
6 6 0
6 0 311
0 311 671
311 671 173
998 998 1
998 1 77
1 77 0
0 998 3
998 3 0
3 0 18
998 998 478
478 998 438
438 998 1
998 998 332
999 999 2
998 998 10
998 10 302
10 302 3
302 3 2
3 2 946
946 998 706
998 706 0
0 998 420
998 420 59
420 59 28
59 28 387
28 387 220
387 220 26
26 998 55
998 55 543
55 543 85
543 85 105
105 998 21
998 21 195
21 195 24
195 24 106
24 106 144
106 144 10
144 10 27
10 27 5
27 5 36
5 36 307
36 307 8
307 8 14
8 14 0
14 0 84
0 84 57
84 57 121
999 999 1
1 998 98
98 998 21
998 21 100
21 100 3
3 998 0
0 998 123
998 123 337
123 337 75
75 998 56
998 56 75
56 75 26
75 26 11
26 11 3
11 3 717
999 999 2
2 998 432
998 432 1
1 998 559
998 559 10
559 10 18
18 998 2
998 2 266
2 266 7
266 7 0
998 998 3
998 3 0
998 998 3
998 3 169
3 169 338
999 999 9
9 998 10
998 10 27
999 999 267
999 267 0
0 998 19
998 998 1
1 998 0
0 998 14
998 14 10
998 998 2
998 998 3
3 998 15
998 15 2
998 998 29
998 998 33
998 33 236
33 236 558
236 558 175
558 175 23
175 23 396
23 396 19
396 19 10
19 10 149
10 149 540
149 540 1
540 1 155
1 155 72
155 72 14
72 14 0
14 0 347
0 347 3
347 3 172
3 172 532
998 998 1
998 1 596
998 998 263
263 998 13
998 998 7
998 7 0
0 998 39
998 39 2
2 998 3
998 998 17
998 17 0
17 0 145
0 145 149
145 149 25
149 25 906
25 906 301
906 301 166
301 166 15
998 998 34
998 998 59
998 59 5
5 998 34
998 34 89
89 998 98
998 98 108
108 998 34
998 998 1
1 998 4
998 4 156
999 999 10
999 10 5
10 5 39
5 39 47
39 47 156
156 998 713
998 713 7
713 7 0
999 999 0
999 0 18
18 998 17
998 17 202
17 202 2
202 2 688
2 688 196
688 196 313
196 313 532
313 532 14
998 998 5
998 5 192
192 998 1
1 998 1
998 1 98
1 98 40
98 40 31
40 31 547
31 547 495
495 998 395
999 999 34
999 999 620
998 998 514
998 514 18
999 998 68
998 68 3
998 998 38
998 998 747
998 747 3
747 3 653
3 653 101
101 998 40
998 40 1
40 1 284
1 284 14
284 14 47
14 47 5
47 5 8
999 999 9
9 998 215
998 215 0
215 0 219
0 219 93
219 93 140
93 140 28
140 28 0
28 0 133
133 998 2
2 998 809
998 809 19
809 19 0
0 998 1
998 998 3
998 3 0
3 0 303
0 303 11
11 998 68
998 68 7
68 7 0
999 999 432
999 432 140
432 140 1
140 1 140
1 140 34
140 34 0
34 0 440
0 440 4
440 4 0
0 998 1
998 998 28
998 28 0
28 0 93
0 93 4
93 4 0
4 0 126
0 126 43
126 43 8
43 8 12
8 12 31
12 31 126
999 999 9
999 9 60
9 60 633
60 633 9
633 9 95
9 95 362
95 362 169
999 999 8
8 998 68
998 68 498
68 498 6
498 6 6
6 998 148
998 148 9
148 9 24
9 24 60
24 60 0
60 0 87
998 998 3
998 3 10
3 10 18
999 999 13
999 13 8
13 8 147
8 147 295
147 295 4
295 4 26
26 998 4
998 4 189
4 189 338
189 338 1
338 1 102
1 102 9
9 998 611
998 611 24
611 24 4
24 4 827
4 827 2
827 2 165
2 165 49
165 49 150
49 150 352
998 998 260
998 260 54
260 54 93
54 93 170
93 170 15
170 15 23
15 23 197
197 998 119
998 119 1
1 998 47
998 47 5
47 5 8
999 999 9
999 9 212
9 212 10
212 10 18
10 18 7
7 998 215
215 998 98
998 98 108
98 108 553
108 553 7
553 7 2
7 2 240
240 998 509
509 998 35
998 35 9
35 9 12
998 998 29
998 29 0
29 0 57
0 57 59
57 59 12
59 12 368
12 368 2
368 2 51
2 51 48
48 998 3
998 3 337
3 337 4
337 4 102
4 102 0
0 998 651
651 998 1
998 1 0
0 998 7
998 7 0
998 998 1
998 998 7
998 7 23
998 998 942
998 998 44
998 44 3
44 3 0
0 998 36
998 36 2
998 998 938
998 938 6
938 6 6
6 6 5
6 5 8
5 8 2
2 998 19
998 19 117
19 117 13
117 13 70
13 70 118
70 118 8
999 999 3
999 3 257
3 257 305
305 998 512
998 512 4
512 4 26
4 26 39
26 39 11
999 999 9
999 9 240
9 240 100
240 100 11
100 11 0
11 0 855
0 855 5
855 5 49
49 998 7
998 7 0
0 998 1
998 1 7
1 7 0
0 998 828
999 999 47
999 47 21
47 21 88
21 88 361
88 361 172
361 172 5
172 5 47
5 47 70
47 70 220
220 998 17
998 17 5
17 5 234
5 234 49
49 998 69
998 69 0
0 998 11
998 11 80
11 80 79
79 998 172
998 172 256
172 256 7
256 7 1
7 1 256
1 256 44
999 999 240
999 240 27
240 27 47
27 47 5
47 5 8
999 999 69
999 69 99
69 99 36
36 998 38
38 998 7
998 998 6
998 6 6
6 998 21
998 21 438
998 998 2
998 2 244
2 244 131
244 131 4
131 4 102
4 102 19
102 19 281
19 281 38
281 38 29
38 29 23
29 23 197
197 998 119
119 998 157
157 998 1
1 998 909
999 999 94
999 94 49
94 49 103
49 103 896
103 896 49
49 998 384
998 384 0
999 999 8
999 8 12
12 998 1
999 999 47
999 47 2
47 2 427
2 427 3
427 3 2
3 2 173
999 999 9
9 998 0
998 0 303
0 303 377
998 998 7
998 7 226
999 999 10
999 10 5
10 5 20
5 20 2
999 999 81
999 81 20
81 20 53
20 53 861
53 861 8
861 8 6
8 6 6
998 998 12
998 12 39
12 39 96
39 96 373
96 373 4
373 4 26
4 26 840
26 840 6
840 6 6
6 998 12
998 12 589
12 589 39
589 39 589
999 999 9
999 9 405
9 405 773
405 773 14
773 14 86
14 86 0
86 0 280
0 280 7
280 7 407
7 407 79
407 79 362
79 362 10
362 10 912
10 912 6
912 6 6
6 998 12
998 12 0
12 0 167
0 167 13
167 13 52
13 52 204
52 204 5
999 998 1
1 998 17
998 17 15
17 15 55
999 999 0
999 0 857
0 857 15
857 15 299
15 299 12
299 12 328
999 999 10
999 10 5
10 5 2
2 998 16
998 16 35
16 35 8
35 8 139
8 139 137
139 137 202
137 202 637
202 637 11
637 11 41
11 41 20
41 20 166
20 166 4
4 998 0
998 0 84
84 998 673
998 673 17
673 17 11
17 11 291
11 291 10
291 10 12
12 998 48
998 48 6
48 6 6
6 6 54
6 54 339
54 339 436
339 436 10
436 10 17
10 17 191
17 191 2
191 2 336
2 336 32
336 32 114
32 114 227
114 227 191
227 191 2
999 999 0
999 0 197
197 998 12
998 12 11
12 11 9
11 9 411
9 411 8
411 8 96
8 96 8
96 8 12
8 12 466
12 466 44
44 998 157
998 157 29
157 29 45
29 45 513
45 513 53
513 53 0
0 998 630
998 630 65
630 65 747
65 747 3
747 3 240
998 998 15
998 15 0
15 0 84
0 84 16
84 16 1
16 1 53
1 53 45
53 45 630
45 630 11
630 11 21
11 21 65
21 65 4
65 4 26
4 26 889
26 889 4
889 4 376
4 376 17
376 17 202
17 202 108
108 998 36
998 36 7
7 998 81
998 81 21
81 21 100
21 100 233
233 998 14
998 14 138
999 999 6
999 6 6
6 6 2
6 2 309
2 309 870
309 870 19
870 19 0
0 998 630
998 630 9
630 9 12
9 12 742
12 742 4
742 4 161
4 161 11
161 11 584
11 584 3
584 3 0
3 0 630
0 630 67
630 67 39
998 998 7
998 7 187
7 187 46
187 46 67
46 67 215
67 215 55
998 998 29
998 29 28
29 28 0
0 998 67
998 67 158
67 158 240
240 998 32
998 32 158
32 158 65
158 65 2
998 998 505
998 505 1
505 1 67
1 67 215
67 215 7
215 7 48
999 999 460
999 460 36
460 36 54
36 54 339
54 339 4
339 4 100
4 100 11
100 11 221
11 221 49
221 49 4
49 4 470
4 470 69
470 69 166
69 166 4
166 4 0
0 998 1
998 1 10
1 10 16
10 16 5
16 5 464
5 464 7
464 7 143
143 998 6
998 6 6
6 998 47
998 47 321
999 999 0
999 0 223
0 223 12
12 998 20
998 20 734
20 734 13
13 998 13
998 13 7
13 7 0
7 0 84
0 84 38
84 38 329
38 329 16
329 16 17
16 17 929
17 929 3
929 3 244
3 244 14
244 14 0
14 0 339
999 999 55
998 998 371
998 371 59
371 59 12
59 12 2
2 998 14
998 14 68
999 999 2
999 2 111
2 111 208
111 208 17
208 17 155
17 155 96
155 96 610
96 610 0
610 0 973
0 973 3
3 998 497
998 497 54
497 54 339
339 998 20
998 20 243
20 243 2
2 998 654
998 654 12
12 998 14
998 14 11
14 11 27
11 27 6
27 6 6
6 6 28
6 28 7
28 7 28
7 28 460
28 460 130
460 130 10
130 10 5
10 5 2
5 2 83
2 83 16
83 16 14
16 14 339
14 339 3
339 3 97
3 97 574
97 574 27
574 27 191
191 998 4
998 4 375
4 375 92
375 92 102
92 102 9
102 9 340
9 340 20
340 20 4
20 4 26
998 998 17
998 17 198
17 198 65
198 65 4
4 998 56
998 56 1
56 1 463
1 463 127
463 127 0
127 0 254
0 254 304
254 304 2
304 2 165
2 165 99
165 99 11
99 11 67
11 67 324
324 998 69
998 69 846
69 846 17
846 17 320
320 998 4
998 4 542
4 542 0
542 0 669
0 669 304
669 304 10
304 10 27
999 999 460
999 460 130
130 998 183
998 183 540
183 540 148
540 148 21
148 21 231
21 231 161
231 161 11
161 11 21
11 21 343
21 343 8
343 8 96
999 999 401
401 998 1
1 998 7
998 7 63
7 63 199
63 199 18
199 18 6
18 6 6
6 6 0
0 998 673
998 998 5
998 5 31
31 998 156
998 156 189
156 189 19
189 19 2
19 2 344
2 344 776
999 999 59
999 59 344
59 344 776
344 776 21
776 21 908
999 999 132
999 132 0
0 998 673
998 673 3
673 3 257
3 257 6
257 6 6
6 998 43
998 43 221
43 221 27
221 27 149
27 149 11
149 11 893
11 893 5
893 5 109
5 109 345
109 345 3
345 3 41
41 998 6
998 6 6
6 6 17
6 17 11
17 11 147
11 147 373
147 373 11
373 11 10
11 10 209
10 209 2
209 2 48
2 48 18
999 999 41
999 41 670
41 670 0
670 0 666
0 666 3
666 3 0
0 998 673
998 673 13
673 13 564
13 564 34
34 998 1
999 999 1
999 1 41
1 41 82
41 82 3
82 3 10
3 10 11
10 11 476
11 476 24
476 24 4
24 4 118
4 118 0
118 0 61
0 61 3
61 3 0
0 998 673
998 673 30
673 30 518
30 518 4
518 4 64
4 64 115
64 115 491
115 491 579
491 579 34
579 34 6
34 6 6
6 6 540
6 540 29
540 29 27
29 27 657
27 657 9
657 9 12
9 12 144
12 144 10
144 10 1
10 1 522
1 522 441
522 441 54
441 54 567
54 567 10
567 10 5
10 5 35
5 35 818
35 818 1
818 1 19
1 19 153
19 153 657
153 657 9
657 9 12
9 12 252
12 252 2
999 999 72
999 72 3
72 3 0
0 998 5
998 5 709
5 709 9
709 9 373
9 373 50
50 998 160
998 160 56
160 56 104
104 998 2
998 2 197
2 197 27
197 27 14
27 14 301
14 301 1
301 1 2
1 2 390
2 390 27
390 27 14
14 998 724
998 724 0
724 0 84
84 998 70
998 70 28
70 28 118
28 118 11
11 998 5
998 5 166
5 166 4
166 4 189
4 189 0
189 0 197
0 197 27
999 999 17
999 17 11
17 11 147
11 147 612
147 612 8
612 8 34
8 34 108
34 108 620
108 620 59
59 998 5
998 998 7
998 7 2
999 999 41
999 41 20
41 20 47
20 47 549
47 549 41
549 41 85
41 85 6
85 6 6
6 6 1
6 1 2
1 2 870
2 870 3
3 998 46
998 46 22
46 22 77
22 77 45
45 998 630
999 999 597
999 597 116
597 116 21
116 21 517
21 517 227
517 227 321
227 321 7
321 7 2
7 2 18
2 18 115
115 998 297
297 998 864
999 999 17
999 17 13
13 998 630
998 630 137
630 137 129
137 129 22
129 22 258
22 258 48
258 48 1
48 1 139
139 998 53
998 53 0
53 0 87
0 87 815
815 998 6
998 6 6
6 6 0
0 998 577
998 577 661
577 661 5
661 5 83
999 999 142
142 998 742
998 742 11
742 11 45
11 45 3
45 3 0
3 0 151
0 151 67
67 998 4
998 4 934
4 934 47
934 47 15
47 15 87
15 87 3
87 3 92
3 92 60
92 60 252
60 252 104
252 104 38
104 38 292
38 292 400
292 400 43
400 43 491
998 998 5
998 5 555
555 998 6
998 6 6
6 6 0
6 0 223
0 223 5
223 5 77
5 77 83
999 999 34
998 998 29
998 29 0
29 0 365
0 365 4
365 4 191
4 191 28
191 28 9
28 9 346
9 346 31
31 998 3
998 998 2
998 2 606
2 606 11
606 11 12
11 12 642
12 642 34
642 34 0
0 998 673
998 673 1
673 1 5
5 998 72
72 998 7
998 7 10
10 998 0
998 0 223
0 223 863
223 863 68
863 68 15
68 15 155
15 155 4
4 998 40
40 998 6
998 6 6
6 6 7
6 7 0
7 0 126
126 998 1
1 998 22
22 998 101
998 101 1
101 1 133
1 133 8
133 8 195
8 195 26
26 998 11
998 998 5
998 5 317
5 317 31
31 998 4
998 4 64
4 64 92
64 92 7
92 7 956
7 956 244
956 244 1
998 998 91
998 91 35
91 35 26
35 26 8
999 999 41
41 998 4
998 4 161
4 161 101
161 101 11
101 11 21
11 21 39
21 39 175
39 175 4
4 998 57
998 57 15
57 15 6
15 6 6
6 6 237
6 237 9
9 998 4
998 4 471
4 471 919
471 919 6
919 6 6
6 6 334
6 334 93
334 93 0
0 998 673
998 673 5
673 5 83
5 83 43
83 43 841
43 841 106
841 106 0
0 998 673
998 673 234
673 234 96
234 96 105
96 105 206
999 999 258
999 258 43
258 43 21
43 21 22
21 22 203
22 203 146
203 146 522
146 522 88
522 88 26
88 26 682
26 682 221
682 221 55
221 55 136
55 136 149
136 149 13
149 13 307
13 307 0
0 998 673
998 673 96
673 96 105
96 105 206
999 998 872
998 872 24
872 24 8
8 998 32
998 32 24
32 24 4
4 998 15
998 15 99
15 99 36
36 998 115
998 998 63
63 998 1
998 1 357
1 357 3
357 3 92
3 92 22
999 998 2
998 998 934
934 998 4
4 998 15
998 15 101
15 101 619
101 619 7
998 998 4
998 4 97
998 998 38
38 998 32
998 32 417
32 417 7
417 7 31
998 998 3
998 3 787
787 998 1
999 999 17
999 17 4
17 4 94
4 94 2
94 2 48
2 48 16
48 16 21
16 21 24
21 24 4
998 998 4
4 998 0
0 998 33
998 33 22
33 22 0
998 998 33
998 33 22
22 998 15
998 998 1
998 998 2
998 998 948
998 948 280
948 280 33
280 33 5
999 999 35
999 35 21
35 21 66
66 998 15
998 15 2
15 2 162
2 162 33
162 33 474
33 474 4
474 4 361
4 361 2
361 2 776
2 776 3
998 998 418
998 418 33
418 33 7
33 7 199
7 199 687
687 998 23
23 998 10
998 10 5
5 998 2
2 998 16
998 16 38
16 38 96
96 998 14
998 14 2
14 2 917
2 917 303
999 999 46
999 46 22
46 22 51
22 51 165
51 165 151
165 151 33
151 33 66
66 998 0
0 998 1
1 998 36
998 998 21
998 21 7
21 7 23
23 998 1
998 1 102
1 102 86
86 998 1
1 998 0
0 998 50
998 50 23
998 998 7
7 998 15
998 15 169
15 169 685
169 685 3
998 998 29
998 29 86
86 998 23
998 23 570
23 570 5
5 998 23
23 998 5
998 5 13
13 998 2
998 2 134
2 134 21
134 21 66
21 66 74
66 74 7
998 998 5
998 5 0
0 998 280
998 280 33
33 998 4
998 4 0
4 0 164
0 164 397
164 397 3
397 3 110
3 110 59
110 59 5
59 5 2
998 998 7
7 998 103
999 999 0
999 0 552
552 998 5
998 5 31
31 998 168
998 168 3
3 998 15
998 15 606
998 998 7
998 7 14
7 14 0
0 998 202
998 202 904
202 904 99
904 99 504
504 998 2
998 2 599
2 599 17
599 17 278
278 998 3
999 998 10
10 998 122
998 122 14
999 999 28
999 28 291
28 291 1
291 1 224
1 224 10
224 10 5
10 5 27
5 27 48
27 48 16
998 998 14
998 14 322
322 998 7
7 998 17
998 17 0
0 998 5
998 5 19
5 19 1
19 1 25
1 25 185
25 185 161
185 161 2
999 999 25
998 998 11
11 998 185
998 185 94
185 94 2
998 998 137
998 137 44
137 44 4
4 998 15
998 15 86
999 998 297
998 297 56
297 56 0
0 998 17
998 17 192
17 192 341
192 341 24
341 24 45
45 998 7
7 998 6
998 6 6
6 6 10
6 10 5
10 5 27
5 27 3
27 3 143
998 998 7
998 998 15
998 15 197
15 197 706
706 998 223
223 998 537
998 537 1
537 1 342
1 342 4
342 4 978
998 998 14
998 14 0
14 0 197
0 197 281
197 281 43
281 43 21
43 21 36
21 36 11
36 11 425
11 425 3
425 3 149
3 149 59
149 59 9
59 9 88
999 999 54
999 54 283
54 283 428
283 428 15
428 15 129
15 129 581
129 581 3
581 3 99
3 99 5
99 5 317
5 317 0
317 0 223
999 999 9
999 9 36
9 36 28
28 998 3
998 3 223
3 223 34
34 998 4
4 998 410
998 410 17
17 998 119
119 998 7
7 998 57
998 57 15
998 998 29
998 29 0
29 0 126
0 126 3
126 3 169
998 998 684
998 684 54
54 998 3
999 999 10
999 10 12
10 12 415
12 415 30
415 30 0
0 998 757
998 757 3
998 998 1
998 998 451
998 451 19
451 19 2
19 2 364
2 364 3
998 998 519
998 519 1
519 1 133
1 133 0
133 0 112
0 112 5
112 5 174
174 998 0
998 0 668
0 668 22
668 22 794
999 998 104
104 998 14
998 14 450
14 450 22
998 998 88
88 998 0
998 0 112
0 112 1
1 998 19
998 19 0
0 998 1
998 1 22
1 22 77
998 998 43
998 43 11
43 11 425
11 425 3
425 3 149
149 998 21
999 999 46
999 46 22
46 22 60
22 60 104
60 104 879
998 998 26
998 26 2
26 2 728
728 998 30
30 998 20
20 998 13
998 13 21
13 21 231
21 231 517
231 517 1
517 1 859
1 859 184
859 184 320
320 998 0
998 998 30
30 998 17
998 17 21
17 21 24
21 24 4
24 4 859
4 859 140
859 140 104
140 104 615
104 615 4
615 4 74
4 74 4
74 4 92
999 999 0
998 998 5
998 5 2
5 2 178
178 998 720
998 720 2
998 998 232
998 232 25
232 25 77
77 998 174
998 174 71
174 71 1
71 1 53
53 998 2
998 2 111
2 111 1
111 1 5
998 998 15
998 15 0
15 0 204
0 204 216
999 999 0
999 0 696
0 696 115
696 115 0
115 0 104
0 104 3
104 3 92
92 998 4
4 998 14
998 14 0
14 0 308
0 308 5
308 5 2
998 998 34
998 34 28
34 28 0
998 998 1
1 998 3
999 999 439
999 439 3
3 998 195
195 998 10
998 10 17
10 17 7
17 7 54
7 54 656
54 656 2
656 2 614
2 614 42
614 42 4
42 4 81
4 81 138
81 138 49
138 49 69
49 69 39
69 39 18
39 18 0
18 0 864
0 864 119
999 999 9
999 9 66
9 66 124
66 124 362
124 362 84
362 84 307
84 307 10
307 10 19
10 19 254
999 999 9
999 9 412
9 412 259
259 998 375
998 375 8
375 8 19
999 999 9
999 9 65
9 65 4
65 4 199
4 199 8
999 999 2
999 2 171
2 171 3
171 3 0
3 0 470
0 470 75
470 75 26
75 26 404
26 404 19
19 998 17
998 17 193
17 193 8
193 8 2
8 2 137
999 999 6
999 6 6
6 6 230
230 998 0
998 0 141
0 141 3
141 3 0
0 998 201
201 998 1
1 998 24
998 24 801
24 801 19
801 19 4
4 998 1
998 1 122
999 999 176
999 998 803
998 998 42
998 42 389
389 998 19
998 19 0
19 0 680
0 680 254
680 254 201
201 998 3
999 999 406
999 406 25
406 25 124
124 998 56
998 56 28
56 28 23
23 998 82
998 82 25
82 25 5
25 5 96
96 998 6
998 6 6
6 6 77
6 77 0
77 0 310
998 998 24
998 24 230
24 230 616
998 998 1
998 1 141
1 141 7
999 999 0
998 998 3
3 998 3
998 3 0
3 0 141
0 141 3
141 3 0
0 998 757
998 757 1
1 998 136
998 136 13
136 13 9
13 9 58
9 58 193
58 193 21
193 21 27
21 27 3
27 3 54
54 998 17
998 17 198
17 198 60
198 60 182
60 182 1
182 1 21
21 998 53
53 998 7
998 7 0
7 0 181
181 998 63
998 63 470
63 470 6
470 6 6
6 6 0
0 998 18
18 998 77
77 998 63
998 63 807
807 998 18
998 18 0
0 998 90
998 90 68
90 68 81
68 81 8
81 8 59
8 59 75
59 75 26
75 26 616
26 616 388
616 388 7
7 998 6
998 6 6
6 6 28
6 28 56
28 56 43
56 43 21
43 21 88
21 88 161
88 161 129
161 129 472
129 472 157
472 157 91
157 91 21
91 21 66
21 66 39
998 998 127
999 999 7
999 7 2
7 2 57
2 57 3
998 998 1
998 998 2
998 998 752
752 998 1
998 1 23
1 23 449
998 998 33
998 33 443
33 443 7
443 7 0
0 998 3
3 998 1
998 1 474
1 474 4
4 998 0
0 998 3
998 3 965
965 998 30
998 30 0
30 0 673
673 998 17
998 17 50
17 50 23
50 23 298
23 298 570
998 998 42
998 42 73
73 998 30
998 998 2
2 998 752
752 998 220
220 998 37
998 37 1
37 1 220
998 998 34
998 34 649
34 649 125
649 125 0
125 0 180
0 180 1
180 1 0
0 998 15
998 15 0
15 0 327
0 327 3
327 3 31
31 998 752
752 998 6
998 6 6
6 6 2
2 998 224
998 224 1
224 1 311
998 998 937
937 998 11
11 998 417
998 417 151
417 151 15
151 15 725
725 998 125
998 125 92
92 998 41
998 998 329
998 329 113
329 113 16
113 16 60
16 60 15
60 15 312
312 998 108
998 108 593
108 593 27
593 27 1
998 998 108
998 108 844
108 844 1
1 998 108
999 999 41
999 41 423
41 423 122
423 122 69
122 69 23
69 23 632
23 632 180
632 180 38
38 998 3
998 3 0
0 998 0
0 998 5
5 998 30
998 998 1
998 1 0
1 0 725
0 725 42
725 42 48
48 998 1
998 1 221
1 221 77
221 77 2
2 998 14
998 14 0
14 0 472
0 472 6
472 6 6
6 6 9
6 9 531
9 531 369
531 369 10
369 10 16
10 16 4
16 4 937
4 937 1
937 1 725
998 998 258
998 258 0
258 0 156
998 998 287
998 287 34
998 998 6
998 6 6
6 6 77
77 998 0
998 0 323
323 998 0
998 0 453
998 998 0
0 998 0
0 998 3
3 998 727
998 998 3
3 998 751
998 998 3
998 3 0
998 998 0
998 998 0
998 998 3
998 3 0
0 998 0
0 998 7
998 7 0
998 998 3
998 998 673
673 998 0
0 998 934
998 934 3
934 3 0
3 0 673
673 998 312
998 998 1
998 1 0
998 998 3
998 3 0
0 998 0
998 0 228
228 998 0
998 0 973
0 973 3
3 998 0
0 998 3
998 998 893
893 998 0
0 998 3
998 998 1
998 1 0
0 998 3
998 3 965
999 999 2
999 2 177
2 177 879
177 879 16
879 16 3
16 3 0
998 998 710
998 710 4
4 998 7
998 7 11
7 11 8
11 8 380
8 380 31
31 998 107
998 107 280
107 280 7
280 7 10
7 10 407
10 407 2
2 998 184
998 184 2
184 2 222
2 222 4
222 4 0
4 0 657
0 657 3
998 998 33
33 998 7
998 7 0
7 0 60
60 998 232
998 232 198
232 198 106
198 106 86
106 86 193
86 193 7
193 7 2
7 2 214
2 214 13
214 13 2
13 2 131
2 131 602
131 602 117
602 117 5
5 998 1
998 1 33
998 998 4
998 4 350
4 350 23
23 998 351
998 351 4
998 998 19
998 19 143
19 143 33
143 33 24
24 998 86
999 999 406
999 406 10
406 10 5
10 5 27
5 27 3
27 3 143
3 143 99
143 99 115
99 115 177
115 177 72
72 998 5
5 998 35
998 35 11
35 11 21
11 21 75
75 998 50
998 50 32
50 32 823
32 823 1
823 1 62
1 62 0
0 998 3
998 3 151
151 998 505
999 999 412
999 412 26
412 26 122
26 122 29
122 29 720
29 720 0
720 0 18
0 18 31
18 31 814
31 814 3
998 998 6
998 6 6
6 998 107
998 107 5
998 998 1
998 1 25
1 25 5
25 5 423
5 423 0
423 0 87
0 87 216
87 216 149
216 149 40
149 40 0
40 0 16
0 16 31
998 998 33
998 33 5
5 998 15
998 15 299
998 998 223
999 999 50
999 50 0
50 0 690
998 998 184
998 184 19
184 19 23
23 998 3
3 998 390
390 998 34
998 34 0
34 0 690
690 998 13
13 998 14
998 14 23
23 998 1
998 1 23
1 23 454
23 454 207
454 207 992
207 992 4
992 4 2
998 998 23
998 998 308
998 998 25
998 25 262
25 262 19
262 19 0
0 998 7
998 7 0
998 998 2
998 2 879
879 998 3
998 998 0
0 998 115
998 115 25
25 998 0
0 998 98
98 998 3
998 3 63
999 999 27
27 998 490
998 490 21
490 21 66
21 66 296
66 296 133
296 133 144
144 998 5
998 5 4
5 4 266
266 998 19
998 19 59
59 998 75
75 998 0
0 998 184
998 184 0
0 998 6
998 6 6
6 6 28
6 28 7
28 7 28
7 28 51
28 51 693
51 693 1
1 998 17
998 17 75
17 75 62
75 62 26
62 26 2
26 2 171
2 171 3
171 3 244
3 244 14
244 14 439
14 439 3
439 3 129
129 998 3
998 3 99
999 999 532
999 532 14
532 14 31
31 998 134
998 134 10
998 998 776
998 776 937
776 937 42
937 42 2
42 2 244
2 244 1
998 998 3
998 998 11
11 998 89
998 89 93
89 93 78
93 78 0
78 0 303
0 303 13
303 13 71
13 71 13
71 13 2
13 2 783
2 783 11
998 998 10
998 998 353
999 999 532
999 532 14
532 14 27
14 27 3
27 3 0
3 0 647
647 998 135
998 135 11
135 11 147
11 147 210
147 210 617
617 998 1
998 1 714
1 714 44
714 44 3
3 998 15
998 15 0
0 998 3
998 3 0
3 0 347
0 347 3
347 3 0
3 0 16
0 16 10
10 998 712
998 998 42
998 42 2
42 2 83
83 998 235
998 235 1
235 1 0
1 0 550
550 998 1
998 1 0
1 0 464
464 998 194
998 194 609
609 998 135
998 135 1
135 1 0
998 998 470
998 470 5
470 5 71
5 71 224
999 999 7
999 7 0
998 998 3
998 3 0
998 998 10
998 998 3
3 998 1
998 1 114
1 114 5
999 998 44
998 44 3
44 3 741
3 741 380
999 999 7
999 7 10
7 10 18
10 18 70
18 70 24
70 24 0
998 998 4
998 4 64
4 64 47
64 47 551
47 551 4
4 998 1
1 998 7
998 7 0
7 0 18
0 18 50
18 50 32
50 32 22
32 22 20
22 20 595
20 595 59
595 59 5
59 5 2
5 2 171
999 999 10
999 10 18
10 18 53
18 53 262
53 262 141
262 141 4
141 4 154
154 998 1
1 998 39
998 39 98
39 98 0
0 998 3
999 999 6
999 6 6
6 6 174
6 174 278
174 278 4
278 4 0
4 0 84
0 84 18
18 998 673
998 673 38
38 998 673
998 673 7
673 7 80
80 998 5
998 5 2
5 2 157
2 157 432
432 998 1
1 998 18
998 18 38
18 38 730
38 730 43
730 43 191
43 191 47
191 47 21
47 21 175
21 175 4
175 4 664
4 664 8
999 999 2
2 998 3
3 998 1
998 998 14
998 14 21
14 21 6
21 6 6
6 6 133
133 998 1
1 998 22
998 22 144
22 144 2
144 2 18
2 18 29
18 29 0
29 0 431
0 431 15
431 15 2
998 998 1
1 998 24
998 24 31
31 998 3
998 3 47
3 47 213
47 213 3
213 3 0
0 998 673
998 673 32
673 32 22
32 22 166
22 166 4
166 4 365
4 365 144
365 144 13
13 998 474
998 474 4
474 4 137
4 137 4
137 4 0
4 0 168
0 168 50
168 50 25
50 25 1
1 998 210
998 210 7
210 7 1
1 998 474
998 474 4
474 4 137
4 137 141
137 141 4
141 4 0
4 0 440
999 999 32
999 32 24
32 24 2
24 2 51
998 998 3
998 3 144
3 144 0
144 0 18
0 18 3
18 3 63
3 63 199
63 199 61
199 61 59
61 59 5
59 5 47
999 999 8
999 8 495
8 495 15
15 998 84
998 84 338
84 338 6
338 6 6
6 6 14
6 14 249
14 249 15
249 15 2
15 2 48
2 48 274
48 274 3
3 998 33
998 33 411
33 411 0
411 0 84
0 84 103
84 103 3
103 3 39
3 39 40
39 40 97
40 97 574
97 574 343
343 998 673
999 999 71
999 71 9
9 998 10
998 10 16
10 16 1
16 1 251
1 251 44
251 44 8
999 999 8
999 8 5
8 5 40
5 40 11
40 11 218
11 218 15
218 15 0
0 998 1
998 1 0
1 0 167
0 167 366
366 998 7
998 7 0
7 0 218
0 218 91
218 91 0
91 0 632
0 632 488
632 488 260
488 260 15
260 15 23
15 23 366
23 366 381
366 381 1
381 1 25
25 998 4
998 4 189
4 189 2
2 998 4
998 998 1
998 1 887
1 887 176
887 176 1
176 1 887
1 887 16
887 16 1
16 1 91
1 91 25
25 998 23
998 23 331
23 331 4
331 4 189
4 189 86
189 86 4
86 4 2
4 2 502
502 998 1
998 1 317
317 998 505
998 505 505
505 505 505
999 999 32
999 32 137
32 137 4
137 4 11
4 11 508
11 508 59
508 59 55
59 55 27
55 27 118
27 118 8
998 998 1
998 1 0
1 0 87
0 87 598
87 598 149
598 149 5
149 5 11
5 11 0
11 0 16
0 16 613
16 613 1
613 1 241
1 241 21
241 21 88
21 88 376
88 376 47
376 47 5
47 5 11
5 11 16
999 999 9
999 9 24
9 24 106
24 106 105
106 105 721
105 721 99
721 99 17
99 17 11
17 11 12
11 12 0
12 0 242
242 998 8
998 8 147
8 147 24
147 24 2
2 998 29
998 29 28
29 28 1
28 1 9
1 9 633
9 633 9
633 9 152
9 152 64
152 64 8
999 999 9
999 9 158
9 158 65
158 65 174
65 174 322
322 998 166
998 166 78
166 78 10
78 10 16
10 16 35
16 35 9
35 9 544
9 544 47
544 47 12
47 12 336
12 336 15
336 15 2
2 998 3
3 998 1
1 998 14
998 14 0
14 0 113
999 999 40
999 40 3
40 3 0
3 0 93
0 93 140
93 140 0
140 0 18
0 18 9
18 9 317
9 317 65
317 65 4
65 4 193
4 193 56
193 56 174
56 174 317
174 317 0
317 0 16
0 16 5
16 5 2
2 998 3
998 3 520
520 998 14
998 14 55
55 998 272
998 272 1
272 1 41
1 41 28
999 999 9
999 9 114
9 114 99
114 99 11
99 11 94
11 94 21
94 21 100
21 100 17
100 17 10
17 10 16
10 16 12
16 12 39
12 39 2
39 2 733
2 733 3
733 3 970
970 998 289
998 289 1
289 1 109
1 109 62
62 998 6
998 6 6
6 6 88
6 88 100
88 100 41
100 41 604
604 998 13
998 13 45
13 45 58
45 58 24
58 24 21
24 21 259
21 259 8
259 8 5
5 998 778
998 778 11
11 998 80
998 80 69
80 69 45
999 999 637
999 637 41
41 998 4
4 998 0
998 0 187
0 187 221
187 221 55
55 998 112
998 112 38
112 38 61
38 61 5
61 5 39
5 39 2
2 998 38
38 998 132
998 132 21
21 998 0
998 0 615
0 615 7
615 7 0
7 0 18
999 999 0
999 0 110
0 110 12
110 12 48
12 48 17
48 17 11
17 11 546
11 546 580
546 580 560
580 560 3
560 3 61
999 999 9
999 9 81
81 998 15
998 15 0
15 0 27
0 27 894
998 998 41
998 41 36
41 36 108
36 108 7
108 7 45
7 45 80
80 998 418
998 418 133
418 133 491
133 491 19
19 998 7
998 7 80
7 80 687
80 687 155
687 155 160
155 160 274
999 999 9
999 9 411
9 411 0
0 998 838
998 838 4
838 4 10
4 10 18
10 18 59
18 59 5
59 5 47
47 998 68
998 68 4
4 998 8
998 8 44
8 44 17
44 17 0
17 0 428
0 428 9
428 9 916
9 916 251
916 251 5
251 5 11
5 11 27
11 27 177
27 177 72
177 72 672
72 672 767
672 767 166
767 166 4
166 4 569
4 569 724
569 724 0
724 0 84
0 84 226
84 226 0
0 998 75
998 75 210
75 210 34
210 34 486
34 486 0
0 998 1
998 1 189
1 189 125
125 998 6
998 6 6
6 6 46
6 46 5
46 5 55
5 55 145
55 145 969
145 969 59
969 59 5
59 5 464
5 464 17
464 17 0
17 0 462
462 998 147
998 147 94
147 94 2
94 2 83
2 83 837
83 837 3
837 3 274
3 274 334
274 334 85
334 85 66
85 66 52
66 52 26
26 998 15
15 998 1
1 998 14
998 14 0
14 0 219
0 219 18
219 18 43
18 43 430
43 430 31
430 31 433
433 998 34
998 34 699
34 699 0
999 999 6
999 6 6
6 998 0
998 0 135
0 135 699
135 699 0
0 998 67
67 998 50
998 50 32
50 32 84
84 998 1
998 1 0
0 998 566
998 566 5
566 5 77
77 998 919
998 919 17
998 998 10
998 10 179
10 179 4
179 4 26
4 26 2
26 2 18
2 18 7
7 998 3
998 3 2
3 2 61
2 61 38
61 38 2
38 2 49
49 998 225
225 998 814
998 814 716
814 716 814
716 814 1
814 1 125
1 125 0
125 0 410
0 410 610
410 610 471
471 998 14
998 14 226
14 226 120
226 120 20
120 20 62
20 62 642
62 642 8
642 8 7
8 7 187
7 187 8
187 8 207
8 207 174
207 174 736
999 999 54
999 54 283
54 283 428
283 428 15
428 15 0
15 0 18
0 18 5
18 5 11
5 11 8
11 8 262
8 262 19
262 19 96
19 96 205
999 999 80
999 80 91
80 91 11
91 11 41
11 41 177
41 177 48
999 999 703
703 998 290
998 290 2
290 2 330
998 998 33
998 33 5
33 5 40
5 40 4
40 4 74
4 74 992
74 992 140
992 140 31
998 998 5
998 5 2
2 998 245
998 245 33
245 33 207
33 207 992
207 992 4
999 999 32
999 32 417
32 417 15
15 998 331
998 331 19
331 19 2
2 998 1
998 1 32
1 32 22
32 22 386
22 386 177
386 177 76
999 999 50
999 50 25
50 25 401
25 401 207
401 207 45
207 45 269
45 269 4
269 4 785
4 785 45
785 45 49
49 998 2
998 998 1
998 1 155
1 155 5
999 998 380
998 380 4
380 4 418
418 998 30
998 998 486
998 486 29
486 29 84
999 999 50
999 50 32
50 32 542
32 542 1
1 998 29
998 29 508
29 508 32
508 32 161
32 161 11
161 11 63
11 63 22
63 22 55
55 998 1
998 1 32
1 32 22
32 22 424
22 424 127
424 127 69
127 69 154
999 999 32
999 32 53
32 53 100
53 100 40
40 998 63
63 998 570
998 570 13
570 13 2
2 998 14
998 14 45
14 45 269
45 269 17
17 998 420
998 420 8
999 999 50
999 50 2
50 2 733
2 733 3
733 3 79
3 79 365
365 998 0
998 0 508
0 508 0
0 998 119
998 119 56
119 56 1
56 1 365
365 998 79
999 999 703
703 998 120
998 120 2
120 2 48
2 48 285
48 285 1
998 998 2
998 2 329
2 329 804
329 804 14
804 14 10
14 10 16
999 999 10
999 10 16
10 16 109
16 109 90
109 90 8
90 8 4
4 998 7
998 7 255
255 998 35
998 35 50
35 50 8
50 8 850
850 998 19
998 19 287
19 287 9
287 9 12
9 12 27
12 27 3
27 3 0
3 0 84
0 84 4
84 4 861
4 861 8
999 999 14
999 14 276
14 276 9
276 9 139
139 998 4
998 4 0
0 998 1
1 998 19
998 19 10
19 10 27
10 27 6
27 6 6
6 6 455
6 455 0
455 0 311
0 311 359
311 359 56
359 56 3
56 3 151
3 151 0
151 0 16
0 16 12
16 12 51
999 999 9
999 9 66
9 66 64
66 64 146
64 146 132
146 132 8
132 8 421
8 421 782
421 782 4
782 4 385
999 999 6
999 6 6
6 6 9
6 9 65
9 65 200
65 200 11
200 11 15
998 998 1
1 998 8
998 8 95
8 95 24
95 24 45
999 999 28
999 28 24
28 24 224
24 224 372
224 372 159
372 159 7
159 7 0
7 0 483
999 999 6
999 6 6
6 6 0
6 0 16
0 16 12
16 12 590
12 590 740
590 740 1
740 1 109
109 998 68
998 68 7
999 999 9
9 998 4
4 998 72
72 998 14
998 14 0
14 0 101
0 101 1
101 1 65
1 65 4
65 4 533
4 533 0
0 998 4
4 998 39
998 39 4
39 4 74
4 74 4
74 4 0
4 0 126
999 999 6
999 6 6
6 6 9
6 9 81
9 81 20
81 20 369
20 369 10
369 10 18
10 18 53
18 53 43
53 43 21
43 21 22
21 22 522
22 522 3
3 998 8
998 8 14
8 14 60
14 60 14
60 14 809
999 999 8
999 8 504
504 998 53
998 53 11
998 998 478
478 998 33
998 33 65
33 65 2
2 998 168
998 168 7
168 7 0
7 0 344
0 344 0
0 998 5
998 5 0
5 0 84
0 84 402
84 402 7
402 7 0
0 998 4
998 4 891
4 891 11
891 11 221
998 998 7
998 7 23
7 23 390
23 390 508
999 999 20
999 20 39
20 39 97
97 998 337
998 337 21
337 21 17
17 998 445
445 998 91
998 998 30
30 998 427
427 998 33
998 33 124
33 124 60
124 60 137
60 137 13
137 13 816
13 816 13
816 13 2
998 998 59
998 59 209
59 209 11
11 998 17
998 17 9
999 999 55
999 55 27
55 27 75
27 75 259
75 259 86
259 86 29
86 29 84
29 84 17
84 17 32
17 32 75
999 999 441
999 441 406
441 406 32
406 32 75
32 75 6
75 6 6
6 6 589
6 589 445
445 998 22
998 22 203
22 203 739
998 998 1
998 1 203
998 998 13
13 998 888
998 888 7
888 7 0
999 999 35
999 35 0
0 998 3
998 3 8
3 8 28
8 28 5
28 5 174
174 998 34
998 34 0
34 0 74
0 74 137
999 999 0
999 0 499
0 499 5
499 5 244
5 244 625
244 625 140
625 140 1
140 1 5
1 5 3
5 3 0
3 0 35
0 35 76
35 76 11
76 11 41
11 41 48
999 999 9
9 998 11
998 11 32
32 998 44
998 44 11
44 11 10
11 10 12
12 998 0
998 0 16
0 16 13
13 998 4
4 998 0
0 998 490
998 490 38
38 998 0
998 0 80
0 80 442
999 999 236
999 236 20
20 998 3
998 3 144
3 144 8
144 8 49
8 49 69
49 69 276
69 276 1
998 998 8
998 8 532
8 532 14
532 14 382
14 382 2
382 2 240
998 998 490
999 999 162
998 998 5
998 5 49
49 998 624
998 624 14
624 14 23
14 23 922
23 922 103
103 998 79
998 79 59
998 998 1
1 998 59
998 59 5
59 5 174
5 174 845
174 845 0
0 998 76
998 76 16
76 16 121
16 121 90
121 90 6
90 6 6
6 6 809
998 998 275
998 275 835
275 835 2
835 2 6
2 6 6
6 6 54
998 998 6
998 6 6
6 6 287
998 998 2
998 998 14
998 14 10
14 10 16
998 998 9
998 9 118
9 118 41
118 41 21
41 21 834
834 998 28
998 28 143
28 143 55
143 55 181
55 181 19
181 19 54
19 54 711
999 999 206
999 999 85
999 85 105
85 105 79
105 79 116
79 116 21
116 21 24
21 24 4
4 998 4
998 4 327
4 327 21
327 21 44
21 44 128
999 999 88
999 88 21
88 21 24
21 24 227
24 227 122
227 122 4
122 4 81
4 81 36
81 36 163
36 163 29
163 29 600
29 600 7
600 7 0
0 998 28
998 28 256
999 999 6
999 6 6
998 998 564
564 998 11
998 11 10
11 10 12
10 12 0
12 0 113
0 113 16
113 16 198
16 198 106
198 106 230
999 999 11
999 11 177
11 177 72
177 72 536
72 536 8
536 8 28
8 28 1
1 998 13
998 13 2
998 998 6
998 6 6
6 6 47
6 47 22
47 22 0
0 998 14
998 14 2
998 998 1
998 1 27
1 27 11
27 11 75
75 998 21
998 21 109
109 998 21
998 21 831
21 831 0
0 998 3
998 3 192
192 998 1
999 999 0
998 998 393
998 393 2
393 2 614
998 998 577
998 998 910
998 910 1
910 1 31
998 998 838
998 838 6
838 6 6
6 6 354
6 354 5
354 5 377
5 377 3
3 998 10
998 10 72
10 72 70
72 70 118
999 999 7
999 7 187
7 187 734
187 734 305
734 305 30
30 998 42
998 42 4
42 4 26
4 26 31
31 998 7
998 7 354
999 999 132
999 132 58
132 58 249
58 249 175
249 175 4
175 4 493
999 999 14
999 14 0
14 0 512
999 999 71
999 71 43
71 43 320
43 320 974
320 974 190
974 190 4
190 4 259
4 259 47
259 47 32
47 32 361
32 361 21
361 21 7
21 7 63
998 998 1
1 998 42
998 42 0
998 998 3
998 3 92
3 92 28
999 999 10
999 10 5
10 5 174
5 174 31
999 999 4
999 4 26
26 998 30
998 998 1
998 1 241
1 241 4
4 998 4
998 4 410
4 410 92
410 92 28
28 998 6
998 6 6
6 6 0
6 0 16
0 16 36
16 36 28
36 28 37
998 998 5
998 5 31
998 998 782
998 782 44
782 44 3
44 3 601
999 999 169
999 169 134
134 998 5
998 5 7
5 7 5
999 999 17
999 17 13
17 13 8
13 8 11
11 998 190
998 190 52
52 998 2
998 2 219
2 219 733
219 733 3
3 998 668
998 668 21
668 21 118
21 118 0
118 0 238
0 238 11
11 998 0
998 998 0
998 998 1
998 1 0
998 998 3
998 3 10
3 10 180
10 180 4
4 998 255
998 998 14
14 998 146
999 999 39
999 39 14
39 14 11
14 11 52
11 52 977
52 977 20
977 20 27
20 27 17
998 998 644
644 998 37
998 37 6
37 6 6
6 6 0
6 0 838
998 998 56
998 56 13
56 13 2
13 2 131
2 131 4
4 998 4
998 4 398
4 398 2
2 998 905
998 905 36
905 36 2
998 998 211
999 999 940
999 940 34
940 34 8
34 8 108
8 108 2
2 998 0
998 0 557
0 557 428
557 428 5
428 5 11
11 998 147
998 147 163
147 163 36
163 36 2
36 2 246
2 246 862
246 862 120
862 120 52
120 52 163
52 163 36
163 36 2
36 2 131
2 131 7
131 7 187
7 187 142
187 142 20
142 20 53
20 53 243
53 243 430
243 430 399
999 999 0
999 0 93
0 93 52
93 52 263
52 263 7
263 7 10
7 10 16
10 16 71
16 71 8
71 8 546
8 546 26
26 998 7
998 7 687
999 998 835
999 999 263
999 263 36
263 36 2
998 998 30
999 999 52
999 52 263
52 263 49
49 998 69
998 69 478
478 998 7
998 7 0
7 0 318
999 999 52
999 52 263
52 263 506
263 506 6
506 6 6
6 6 0
6 0 668
999 999 32
999 32 90
32 90 68
999 999 555
555 998 66
998 66 21
66 21 813
21 813 68
68 998 36
998 36 2
2 998 650
650 998 7
999 999 1
1 998 308
998 308 611
611 998 0
998 0 730
730 998 0
998 0 934
0 934 3
934 3 0
0 998 6
998 6 6
6 6 116
6 116 21
116 21 118
21 118 11
998 998 252
998 252 2
2 998 388
998 388 19
388 19 7
19 7 37
7 37 605
37 605 17
17 998 37
998 37 337
37 337 50
337 50 32
50 32 564
32 564 37
564 37 37
37 37 577
37 577 231
577 231 634
999 999 66
999 66 21
66 21 259
21 259 11
999 999 52
999 52 139
52 139 24
139 24 224
24 224 8
999 999 867
999 867 104
104 998 15
998 15 27
27 998 191
998 191 47
191 47 8
47 8 58
8 58 24
58 24 73
24 73 6
73 6 6
6 6 43
6 43 320
43 320 900
320 900 7
900 7 869
7 869 54
54 998 3
998 998 1
998 1 80
1 80 354
998 998 68
998 68 30
30 998 6
998 6 6
6 6 139
998 998 401
998 401 137
401 137 78
999 998 406
998 406 38
406 38 55
999 999 0
0 998 168
998 168 12
168 12 947
12 947 4
4 998 19
998 19 0
998 998 3
998 3 0
998 998 3
998 3 0
3 0 167
0 167 396
167 396 133
396 133 0
998 998 737
737 998 7
998 7 15
998 998 3
998 3 0
3 0 256
999 999 186
999 186 455
186 455 0
998 998 173
998 173 1
173 1 45
1 45 48
45 48 225
48 225 970
225 970 0
970 0 16
16 998 353
998 353 14
353 14 45
14 45 226
999 999 41
999 41 2
2 998 358
998 358 28
358 28 0
28 0 93
999 999 767
999 767 866
767 866 4
4 998 0
998 0 330
0 330 358
358 998 5
998 5 45
45 998 258
998 258 34
34 998 162
999 999 2
999 2 165
998 998 641
998 641 14
641 14 450
14 450 58
450 58 24
998 998 0
0 998 3
998 998 706
999 999 2
998 998 36
998 998 231
998 231 24
231 24 224
24 224 138
224 138 15
138 15 0
0 998 790
998 790 17
998 998 8
998 8 13
8 13 39
13 39 153
999 999 96
999 96 76
96 76 11
998 998 762
762 998 416
998 416 147
416 147 159
147 159 128
159 128 579
128 579 617
579 617 13
998 998 1
1 998 29
998 29 0
29 0 167
0 167 57
57 998 805
998 998 262
998 262 125
262 125 0
125 0 410
0 410 13
410 13 2
999 999 674
674 998 5
998 5 55
55 998 162
999 999 17
999 17 841
17 841 182
841 182 4
182 4 535
4 535 8
535 8 4
8 4 11
11 998 111
998 111 593
998 998 33
33 998 37
998 37 214
37 214 15
998 998 1
999 999 96
999 96 76
96 76 52
76 52 273
52 273 7
999 999 54
998 998 8
998 8 871
8 871 320
871 320 78
320 78 627
627 998 33
998 33 81
33 81 155
81 155 321
155 321 17
17 998 141
141 998 7
998 7 762
762 998 181
999 999 9
999 9 12
12 998 150
998 150 164
150 164 50
164 50 9
50 9 212
9 212 10
212 10 16
999 999 9
999 9 846
9 846 2
846 2 171
2 171 3
171 3 208
999 999 230
230 998 34
998 34 156
34 156 754
156 754 12
12 998 7
7 998 9
9 998 0
998 0 16
0 16 13
999 999 8
999 8 12
8 12 35
12 35 348
999 998 9
9 998 11
998 11 10
11 10 12
10 12 39
12 39 591
39 591 115
591 115 2
115 2 659
659 998 23
998 23 314
999 999 9
999 9 373
9 373 618
373 618 21
618 21 81
21 81 10
998 998 1
998 1 21
1 21 994
21 994 14
999 999 8
999 8 5
8 5 49
5 49 91
49 91 150
91 150 575
150 575 17
575 17 9
17 9 237
9 237 124
124 998 11
998 11 9
11 9 427
9 427 54
427 54 57
54 57 15
57 15 10
15 10 18
999 999 10
999 10 5
10 5 2
2 998 14
998 998 1
1 998 37
998 37 15
15 998 315
999 999 17
999 17 91
17 91 32
91 32 139
32 139 752
139 752 0
752 0 18
998 998 1
1 998 37
999 999 142
999 142 773
142 773 9
773 9 65
9 65 322
322 998 14
998 14 10
14 10 16
999 999 459
999 459 8
459 8 12
8 12 96
12 96 205
96 205 96
96 998 1
998 1 96
1 96 794
96 794 4
4 998 54
998 54 676
999 999 50
999 50 9
9 998 0
998 0 219
0 219 16
219 16 12
16 12 826
12 826 60
826 60 40
60 40 31
40 31 889
31 889 229
229 998 23
998 23 938
23 938 9
938 9 405
999 998 8
998 8 95
8 95 24
95 24 73
24 73 2
2 998 4
998 4 694
4 694 172
694 172 78
172 78 138
138 998 138
998 138 49
49 998 6
998 6 6
6 6 35
6 35 88
35 88 785
88 785 2
998 998 38
998 38 476
38 476 26
476 26 619
26 619 4
619 4 0
4 0 347
0 347 669
999 999 54
999 54 339
54 339 152
339 152 343
152 343 8
343 8 334
999 998 71
999 999 2
999 2 16
2 16 90
16 90 14
14 998 303
999 999 0
0 998 74
998 74 4
74 4 64
4 64 47
64 47 32
47 32 175
32 175 4
175 4 64
999 999 208
999 208 211
208 211 457
211 457 1
457 1 3
1 3 257
257 998 135
998 135 13
135 13 71
999 999 10
999 10 5
10 5 20
5 20 594
20 594 2
594 2 16
2 16 11
16 11 27
11 27 58
27 58 235
235 998 144
998 144 15
144 15 422
15 422 218
999 999 8
999 8 209
8 209 14
209 14 501
14 501 3
501 3 461
999 999 9
999 9 65
9 65 4
65 4 816
4 816 963
816 963 174
963 174 2
174 2 593
2 593 3
593 3 135
3 135 6
135 6 6
6 6 43
6 43 8
43 8 5
8 5 39
5 39 702
39 702 21
702 21 22
21 22 284
22 284 14
284 14 91
14 91 10
91 10 16
10 16 42
16 42 8
42 8 28
999 999 0
999 0 668
0 668 22
999 999 2
2 998 358
998 358 9
358 9 220
9 220 738
220 738 6
738 6 6
6 6 186
6 186 0
186 0 723
0 723 3
723 3 0
3 0 16
0 16 5
16 5 20
999 999 8
8 998 19
998 19 0
19 0 313
0 313 3
999 999 11
999 11 5
11 5 43
5 43 21
43 21 81
21 81 48
81 48 21
48 21 75
21 75 74
75 74 48
999 999 1
999 1 43
1 43 21
43 21 81
21 81 433
81 433 21
433 21 75
21 75 74
75 74 433
999 999 0
0 998 3
998 3 48
48 998 5
998 5 48
5 48 133
48 133 0
0 998 3
998 3 433
3 433 5
433 5 433
999 999 6
999 6 6
6 6 7
6 7 145
7 145 117
145 117 10
117 10 5
10 5 20
5 20 204
20 204 278
999 999 8
999 8 5
5 998 11
998 11 87
11 87 79
87 79 81
79 81 20
81 20 74
74 998 7
998 7 10
7 10 180
999 999 133
999 133 8
133 8 5
8 5 278
5 278 11
278 11 45
11 45 433
45 433 79
433 79 81
79 81 877
81 877 15
877 15 31
15 31 433
31 433 126
433 126 46
126 46 22
46 22 105
22 105 33
999 999 1
999 1 91
1 91 46
91 46 22
46 22 105
22 105 79
105 79 33
79 33 81
33 81 48
81 48 1
48 1 241
1 241 7
241 7 934
7 934 32
934 32 877
32 877 15
877 15 2
15 2 773
2 773 126
773 126 6
126 6 6
6 6 43
6 43 21
43 21 88
21 88 447
88 447 40
447 40 0
40 0 723
0 723 1
723 1 28
1 28 21
28 21 175
21 175 5
175 5 31
31 998 34
34 998 621
998 621 10
621 10 16
10 16 5
16 5 31
999 999 3
999 3 0
3 0 292
292 998 3
998 3 10
3 10 112
10 112 9
112 9 36
9 36 92
36 92 28
92 28 9
28 9 24
9 24 28
24 28 292
28 292 19
19 998 1
998 1 7
7 998 24
998 24 2
2 998 3
998 3 10
3 10 27
10 27 19
27 19 287
999 999 46
999 46 5
46 5 39
5 39 190
190 998 7
998 7 0
0 998 4
998 4 94
4 94 28
94 28 292
28 292 432
292 432 1
999 999 7
7 998 42
998 42 97
42 97 80
97 80 18
80 18 73
73 998 292
998 292 206
292 206 15
206 15 136
15 136 28
136 28 325
325 998 7
998 7 248
999 999 3
999 3 257
3 257 0
257 0 283
0 283 380
283 380 7
380 7 10
7 10 27
10 27 22
27 22 83
22 83 17
83 17 0
17 0 671
0 671 151
671 151 22
151 22 77
22 77 881
999 999 9
999 9 555
9 555 36
555 36 983
983 998 13
999 999 25
999 25 12
25 12 136
12 136 2
136 2 134
134 998 11
998 11 9
11 9 24
24 998 4
998 4 161
4 161 80
161 80 99
80 99 25
99 25 5
25 5 7
999 999 25
25 998 7
998 7 105
7 105 17
105 17 87
17 87 22
87 22 20
999 999 13
999 13 0
13 0 80
0 80 761
80 761 9
761 9 77
9 77 130
77 130 785
130 785 10
785 10 27
998 998 9
998 9 24
9 24 624
999 999 8
999 8 75
8 75 60
75 60 26
60 26 763
26 763 7
763 7 197
197 998 4
998 4 26
4 26 243
999 999 8
999 8 5
8 5 27
5 27 3
27 3 143
3 143 103
143 103 35
35 998 11
998 11 8
11 8 160
8 160 55
160 55 274
55 274 47
274 47 35
47 35 121
35 121 532
121 532 4
532 4 0
4 0 162
999 999 9
999 9 764
9 764 143
999 999 1
999 1 28
1 28 3
28 3 143
998 998 79
998 79 340
340 998 4
998 4 161
161 998 7
998 7 47
7 47 5
998 998 6
998 6 6
6 6 46
6 46 12
46 12 55
12 55 112
55 112 55
112 55 61
55 61 55
55 998 55
55 998 1
998 1 155
155 998 38
998 38 53
999 999 4
999 4 68
4 68 8
68 8 12
8 12 2
12 2 733
2 733 3
733 3 135
135 998 289
998 289 11
289 11 65
11 65 155
65 155 4
155 4 81
4 81 15
81 15 27
15 27 153
27 153 1
153 1 67
1 67 28
67 28 14
28 14 119
14 119 4
119 4 119
4 119 85
85 998 1
1 998 32
998 32 95
32 95 74
999 999 8
999 8 12
8 12 31
12 31 562
31 562 29
562 29 241
29 241 153
998 998 18
998 18 17
17 998 0
998 0 935
0 935 19
935 19 169
19 169 657
657 998 592
999 999 91
999 91 0
91 0 885
999 999 9
999 9 12
12 998 14
998 14 8
14 8 4
8 4 94
4 94 274
999 999 9
999 9 12
12 998 14
998 14 0
14 0 48
0 48 168
999 999 9
999 9 199
9 199 40
40 998 103
998 103 7
103 7 54
7 54 287
287 998 105
998 105 3
105 3 59
3 59 95
95 998 26
998 26 481
26 481 512
481 512 310
512 310 103
999 999 10
999 10 75
10 75 20
75 20 26
26 998 92
999 999 21
999 21 75
21 75 26
75 26 51
51 998 29
998 29 600
29 600 14
14 998 4
998 4 64
4 64 10
64 10 18
10 18 72
18 72 324
72 324 121
121 998 8
998 8 19
8 19 287
999 999 10
999 10 5
10 5 2
5 2 197
197 998 184
998 184 98
184 98 0
0 998 718
998 718 196
999 999 10
999 10 730
10 730 209
730 209 734
209 734 13
734 13 244
13 244 13
244 13 168
13 168 27
168 27 1
27 1 8
1 8 294
294 998 96
998 96 72
96 72 57
72 57 19
57 19 112
19 112 911
998 998 5
998 5 124
5 124 0
124 0 113
0 113 149
113 149 40
149 40 10
40 10 201
10 201 17
201 17 23
23 998 5
5 998 184
998 184 7
184 7 10
999 999 0
999 0 342
0 342 22
342 22 28
28 998 17
998 17 10
17 10 57
10 57 0
57 0 225
225 998 172
998 172 184
999 999 0
999 0 208
0 208 5
998 998 1
998 1 0
1 0 112
0 112 5
112 5 60
60 998 216
998 216 35
216 35 9
35 9 346
9 346 747
346 747 3
747 3 682
3 682 899
682 899 7
899 7 636
7 636 4
636 4 759
759 998 304
998 304 2
2 998 16
999 999 459
999 459 0
459 0 899
0 899 22
899 22 165
22 165 1
165 1 234
1 234 194
234 194 1
194 1 35
1 35 10
35 10 18
10 18 5
5 998 29
998 29 113
999 999 10
999 10 5
10 5 27
5 27 3
27 3 292
3 292 181
292 181 99
181 99 11
99 11 9
11 9 66
9 66 100
66 100 3
100 3 11
3 11 67
998 998 29
998 29 0
29 0 57
0 57 1
57 1 459
1 459 124
999 999 27
999 27 3
27 3 0
3 0 387
0 387 12
12 998 524
998 524 30
998 998 2
998 2 16
998 998 667
998 667 4
998 998 853
998 853 683
999 999 153
999 153 58
153 58 26
998 998 59
59 998 68
998 68 13
68 13 625
625 998 83
998 83 17
83 17 20
17 20 734
20 734 13
734 13 76
13 76 13
76 13 0
13 0 829
0 829 198
829 198 106
999 998 310
998 310 5
310 5 71
5 71 282
71 282 123
282 123 57
123 57 1
57 1 9
1 9 100
9 100 11
100 11 8
11 8 5
8 5 27
5 27 3
27 3 143
3 143 51
51 998 103
998 103 11
103 11 75
11 75 39
39 998 7
998 7 123
123 998 14
998 14 234
234 998 69
998 69 21
69 21 231
21 231 100
999 999 9
999 9 373
9 373 150
373 150 98
150 98 198
98 198 106
198 106 8
106 8 1
8 1 9
1 9 124
9 124 193
124 193 8
193 8 45
998 998 138
998 138 11
138 11 9
11 9 231
9 231 24
231 24 106
106 998 575
998 575 42
575 42 801
42 801 78
801 78 0
999 999 9
999 9 24
9 24 241
24 241 4
241 4 319
4 319 2
998 998 711
998 711 3
711 3 10
3 10 16
999 999 9
999 9 468
9 468 9
468 9 220
9 220 24
24 998 138
999 999 0
999 0 440
0 440 5
5 998 0
998 0 292
0 292 283
292 283 101
283 101 877
101 877 521
877 521 29
521 29 308
29 308 7
308 7 31
7 31 878
998 998 1
1 998 248
998 248 80
248 80 15
15 998 519
999 999 191
999 191 0
191 0 113
0 113 168
999 999 98
999 98 0
98 0 292
0 292 137
292 137 63
63 998 743
998 743 0
743 0 18
18 998 78
998 78 292
999 999 191
999 191 50
50 998 706
998 706 7
999 999 423
999 423 0
0 998 15
998 15 0
998 998 33
998 33 94
94 998 44
998 44 3
998 998 5
998 5 29
5 29 84
29 84 31
84 31 809
31 809 623
999 999 459
999 459 0
459 0 162
162 998 10
998 10 27
10 27 4
27 4 333
4 333 53
53 998 2
2 998 112
998 112 359
112 359 11
359 11 798
798 998 7
998 7 815
999 998 359
998 359 2
999 999 43
999 43 21
21 998 34
34 998 656
998 656 8
656 8 7
7 998 1
998 1 21
1 21 75
21 75 24
75 24 2
24 2 48
2 48 308
999 999 253
999 253 0
0 998 3
998 3 286
286 998 19
998 19 10
19 10 894
10 894 756
894 756 0
756 0 80
0 80 14
80 14 10
14 10 16
10 16 5
16 5 477
5 477 9
477 9 235
9 235 11
235 11 9
11 9 24
9 24 4
24 4 130
4 130 138
130 138 40
138 40 10
40 10 27
999 999 9
999 9 237
9 237 20
237 20 0
20 0 238
0 238 3
3 998 33
33 998 676
998 676 4
676 4 358
998 998 771
998 771 38
771 38 514
38 514 110
514 110 910
999 999 186
999 186 9
9 998 11
998 11 10
11 10 16
999 999 9
999 9 88
9 88 118
88 118 132
118 132 9
132 9 88
9 88 36
88 36 8
999 999 9
999 9 373
9 373 8
373 8 42
8 42 215
42 215 277
215 277 9
277 9 175
9 175 44
175 44 3
44 3 2
3 2 188
2 188 16
188 16 529
998 998 470
998 470 505
999 998 4
998 4 10
10 998 8
998 8 139
8 139 26
139 26 54
26 54 494
999 999 124
124 998 5
998 5 2
2 998 16
998 16 6
16 6 6
6 6 46
6 46 22
46 22 39
22 39 96
39 96 105
96 105 176
105 176 11
11 998 21
998 21 4
4 998 29
998 29 0
29 0 281
999 999 36
999 36 50
36 50 0
50 0 245
0 245 863
245 863 0
0 998 229
998 229 50
229 50 63
50 63 509
509 998 184
998 184 4
184 4 161
161 998 10
10 998 155
998 155 35
155 35 88
999 999 52
52 998 78
998 78 47
78 47 9
47 9 64
9 64 13
64 13 31
998 998 38
998 38 138
999 999 116
999 116 52
116 52 20
52 20 64
20 64 11
64 11 46
11 46 12
46 12 2
998 998 7
998 7 0
7 0 746
0 746 3
746 3 0
999 999 406
999 406 430
406 430 284
430 284 14
14 998 1
1 998 56
998 56 2
999 999 132
999 998 52
998 52 474
52 474 4
474 4 118
4 118 132
118 132 0
132 0 79
0 79 33
79 33 684
33 684 46
46 998 0
998 0 266
0 266 5
5 998 504
504 998 37
998 37 50
37 50 52
52 998 44
998 44 5
5 998 46
999 999 441
999 441 10
441 10 5
10 5 39
5 39 2
39 2 111
111 998 408
998 408 3
408 3 0
3 0 197
0 197 426
197 426 142
142 998 6
998 6 6
6 6 46
6 46 5
46 5 2
5 2 272
2 272 148
272 148 132
148 132 9
132 9 497
9 497 10
497 10 18
10 18 49
18 49 69
49 69 325
999 999 41
999 41 27
41 27 3
27 3 143
3 143 99
143 99 115
99 115 43
115 43 21
43 21 831
21 831 85
831 85 76
85 76 8
76 8 62
8 62 5
62 5 36
5 36 9
36 9 24
9 24 2
24 2 165
2 165 206
165 206 476
206 476 175
476 175 4
175 4 102
4 102 8
102 8 170
8 170 82
170 82 41
82 41 39
41 39 35
35 998 7
998 7 169
999 999 9
999 9 481
9 481 8
481 8 529
8 529 7
529 7 0
7 0 84
84 998 17
998 17 10
17 10 16
10 16 42
16 42 55
42 55 529
55 529 8
529 8 42
8 42 31
31 998 3
998 3 596
999 999 77
999 77 8
77 8 42
8 42 177
42 177 887
887 998 7
998 7 8
7 8 13
8 13 71
13 71 2
2 998 15
998 15 31
31 998 535
999 999 1
999 1 2
998 998 418
998 418 4
418 4 396
4 396 39
396 39 104
39 104 6
104 6 6
6 6 21
6 21 118
21 118 50
118 50 21
50 21 340
21 340 4
340 4 100
4 100 3
100 3 0
3 0 242
0 242 1
1 998 99
998 99 121
99 121 90
121 90 1
90 1 21
1 21 210
21 210 56
210 56 15
56 15 181
181 998 99
999 999 9
999 9 259
9 259 11
11 998 1
998 1 99
1 99 36
99 36 8
36 8 139
8 139 410
139 410 143
999 999 8
999 8 42
8 42 28
42 28 0
28 0 760
998 998 15
998 15 0
998 998 3
998 3 0
0 998 19
998 19 0
998 998 1
998 1 35
1 35 19
999 999 10
999 10 5
10 5 0
0 998 3
998 3 0
3 0 181
999 999 133
999 133 9
133 9 504
9 504 130
504 130 11
130 11 10
11 10 5
10 5 2
5 2 427
2 427 3
427 3 269
3 269 43
269 43 21
43 21 175
21 175 4
175 4 785
4 785 8
785 8 39
8 39 517
39 517 0
517 0 51
0 51 242
999 999 1
999 1 50
1 50 21
50 21 161
21 161 44
161 44 11
44 11 979
11 979 0
979 0 242
0 242 5
998 998 8
998 8 504
8 504 26
504 26 28
26 28 11
28 11 76
999 999 21
999 21 231
21 231 158
231 158 36
158 36 8
36 8 142
8 142 20
142 20 637
20 637 191
191 998 6
998 6 6
6 6 88
6 88 100
88 100 9
100 9 764
9 764 10
764 10 16
10 16 9
16 9 88
9 88 62
999 999 441
441 998 181
999 999 867
998 998 842
999 999 116
999 116 9
116 9 39
39 998 54
999 999 27
999 27 3
27 3 0
998 998 19
998 998 561
998 561 13
561 13 0
13 0 418
0 418 3
418 3 2
3 2 824
999 999 0
0 998 3
998 3 0
3 0 201
0 201 4
201 4 26
26 998 41
998 41 845
41 845 0
845 0 217
0 217 3
217 3 0
3 0 516
999 999 221
999 221 2
998 998 235
998 235 456
235 456 15
456 15 28
998 998 19
19 998 790
999 999 10
999 10 5
10 5 234
5 234 34
234 34 0
34 0 521
521 998 17
17 998 561
999 999 22
999 22 28
22 28 793
793 998 241
998 241 20
241 20 336
20 336 0
0 998 3
998 3 2
3 2 225
225 998 4
998 4 63
63 998 6
998 6 6
6 6 87
6 87 3
87 3 0
0 998 22
22 998 240
998 240 69
69 998 13
998 998 607
998 607 22
999 999 35
999 35 11
35 11 294
11 294 3
294 3 0
0 998 629
998 629 1
629 1 701
701 998 43
998 43 21
43 21 88
21 88 161
88 161 0
161 0 962
0 962 157
962 157 7
157 7 0
7 0 84
0 84 266
84 266 320
320 998 15
998 15 8
15 8 14
8 14 87
14 87 3
87 3 0
3 0 18
999 999 129
129 998 112
998 998 14
998 14 55
14 55 48
55 48 272
272 998 11
998 11 233
233 998 383
998 383 1
998 998 7
999 999 36
999 36 0
998 998 708
998 708 0
708 0 219
0 219 149
219 149 732
149 732 49
49 998 69
998 69 7
69 7 80
7 80 99
80 99 1
1 998 7
998 7 173
7 173 583
999 998 10
998 10 737
998 998 0
998 998 1
998 998 14
14 998 1
1 998 4
4 998 0
999 999 7
999 7 187
7 187 0
187 0 625
625 998 201
998 201 3
998 998 1
998 1 884
998 998 27
998 27 49
27 49 3
3 998 1
1 998 35
998 35 41
41 998 11
998 998 5
998 5 980
998 998 456
998 456 6
456 6 6
6 6 45
6 45 403
403 998 24
998 24 2
24 2 222
2 222 3
222 3 0
3 0 164
164 998 136
998 136 13
136 13 10
13 10 194
194 998 1
1 998 47
998 47 40
47 40 2
40 2 111
999 999 441
999 441 55
441 55 55
55 55 9
55 9 109
109 998 8
999 999 441
999 998 91
999 999 55
999 55 9
55 9 109
109 998 92
999 999 11
999 11 863
11 863 60
863 60 27
60 27 149
27 149 4
4 998 21
999 999 9
999 9 109
109 998 11
998 11 334
999 999 11
999 11 291
11 291 133
291 133 2
133 2 157
2 157 131
157 131 7
131 7 23
7 23 199
23 199 203
203 998 56
998 56 0
0 998 644
998 644 3
3 998 1
998 998 55
998 55 126
55 126 21
126 21 81
21 81 235
81 235 11
11 998 209
998 209 174
174 998 7
998 7 4
7 4 0
998 998 19
19 998 1
998 1 11
998 998 13
998 13 2
2 998 58
998 58 26
58 26 234
999 999 10
999 10 120
10 120 158
120 158 569
158 569 7
569 7 168
7 168 148
168 148 60
148 60 14
60 14 0
14 0 228
228 998 226
998 226 6
226 6 6
998 998 4
998 998 133
998 998 5
5 998 7
998 7 2
2 998 5
998 998 669
669 998 17
17 998 0
0 998 4
4 998 8
998 8 127
999 999 11
999 11 291
998 998 3
998 998 5
5 998 21
998 21 88
21 88 39
88 39 137
39 137 78
137 78 0
0 998 1
998 1 785
1 785 190
785 190 14
190 14 0
14 0 219
0 219 669
219 669 21
21 998 600
998 600 127
600 127 2
127 2 111
111 998 1
998 1 340
1 340 8
340 8 84
999 999 11
999 11 195
11 195 26
195 26 35
998 998 17
998 17 320
17 320 20
320 20 166
20 166 4
4 998 68
998 68 56
68 56 420
56 420 2
999 998 62
998 62 260
62 260 4
260 4 117
4 117 7
117 7 23
7 23 135
23 135 15
15 998 1
998 1 21
1 21 66
21 66 109
66 109 74
74 998 3
3 998 2
998 998 286
998 998 63
63 998 6
998 6 6
6 998 19
19 998 5
998 5 20
5 20 2
20 2 76
2 76 18
76 18 30
18 30 97
30 97 781
97 781 39
781 39 2
998 998 27
999 999 9
999 9 12
9 12 284
12 284 963
284 963 4
963 4 10
10 998 1
998 1 12
12 998 663
998 663 6
663 6 6
6 6 1
6 1 9
1 9 237
9 237 51
237 51 677
677 998 29
998 998 1
998 998 6
998 6 6
6 6 0
998 998 168
998 168 12
168 12 39
12 39 836
39 836 1
836 1 11
1 11 12
11 12 28
12 28 3
28 3 40
40 998 3
998 3 2
3 2 329
999 999 6
999 6 6
6 6 8
6 8 12
12 998 736
998 736 1
736 1 860
999 999 6
999 6 6
6 6 8
6 8 12
8 12 261
261 998 4
998 4 26
4 26 36
26 36 2
2 998 3
998 3 0
3 0 234
998 998 1
998 1 828
998 998 1
1 998 1
1 998 7
998 7 169
169 998 6
998 6 6
6 6 8
6 8 12
8 12 20
20 998 38
38 998 7
998 7 0
7 0 217
999 999 9
999 9 62
9 62 633
62 633 9
633 9 95
9 95 193
95 193 10
193 10 2
998 998 82
998 82 9
82 9 100
9 100 9
100 9 39
39 998 226
998 226 3
226 3 54
3 54 117
54 117 144
117 144 0
144 0 242
0 242 188
242 188 16
188 16 121
16 121 267
121 267 4
267 4 18
999 999 0
999 0 110
0 110 12
110 12 39
12 39 567
39 567 370
567 370 9
370 9 373
373 998 76
998 76 0
76 0 771
0 771 12
771 12 424
12 424 0
424 0 225
225 998 36
998 36 8
36 8 12
8 12 415
12 415 30
415 30 9
30 9 185
9 185 100
185 100 3
100 3 227
3 227 506
227 506 190
506 190 4
190 4 130
999 999 1
999 1 0
1 0 256
0 256 966
256 966 1
966 1 0
1 0 308
0 308 967
308 967 641
967 641 94
641 94 21
94 21 100
21 100 0
100 0 666
0 666 544
666 544 125
544 125 435
125 435 485
999 998 993
998 993 524
993 524 415
524 415 505
415 505 505
999 999 28
999 28 0
28 0 93
0 93 184
93 184 4
184 4 0
0 998 85
998 85 207
207 998 14
998 14 305
999 999 759
999 759 239
759 239 34
239 34 10
34 10 27
10 27 29
27 29 28
999 999 43
999 43 54
43 54 60
998 998 4
998 4 759
4 759 44
759 44 3
44 3 601
3 601 5
601 5 30
5 30 386
30 386 27
386 27 48
48 998 8
998 8 5
8 5 4
5 4 361
4 361 0
361 0 180
0 180 4
180 4 20
4 20 102
20 102 10
102 10 591
999 999 10
999 10 16
10 16 5
16 5 0
0 998 272
998 272 132
272 132 188
132 188 99
188 99 22
99 22 109
22 109 603
109 603 597
999 999 0
999 0 162
998 998 42
42 998 7
7 998 213
998 213 2
998 998 957
998 957 11
11 998 1
998 998 0
998 0 303
999 999 6
999 6 6
998 998 4
998 4 908
4 908 0
908 0 865
0 865 3
865 3 47
3 47 549
47 549 4
549 4 0
998 998 3
998 3 112
3 112 1
1 998 50
998 50 21
21 998 0
0 998 3
3 998 1
998 1 272
999 999 6
999 6 6
6 6 0
6 0 921
0 921 798
921 798 68
798 68 4
68 4 130
4 130 11
130 11 54
11 54 631
54 631 3
631 3 86
3 86 95
86 95 20
95 20 845
20 845 74
845 74 97
97 998 6
998 6 6
6 6 27
6 27 1
27 1 2
1 2 357
2 357 380
357 380 6
380 6 6
6 998 181
999 999 155
999 155 7
155 7 10
7 10 16
10 16 160
16 160 97
160 97 274
97 274 0
998 998 22
22 998 44
44 998 1
998 1 0
998 998 22
998 22 377
22 377 19
998 998 31
998 31 804
31 804 14
804 14 37
14 37 232
37 232 7
232 7 0
7 0 48
0 48 697
999 999 459
999 459 37
459 37 214
214 998 55
999 999 52
999 52 116
52 116 20
116 20 130
20 130 72
130 72 1
72 1 585
585 998 456
998 456 0
456 0 18
999 998 107
998 107 12
107 12 2
2 998 91
998 91 336
91 336 239
336 239 4
4 998 4
998 4 703
703 998 107
998 107 25
107 25 116
25 116 2
116 2 751
2 751 285
751 285 14
285 14 23
14 23 232
999 999 279
999 279 7
998 998 192
998 192 151
192 151 67
151 67 20
20 998 17
998 17 67
17 67 51
51 998 7
998 7 63
7 63 537
999 999 9
999 9 429
9 429 11
429 11 703
998 998 31
998 31 804
31 804 14
804 14 23
14 23 232
23 232 82
232 82 11
82 11 5
11 5 47
47 998 220
998 220 24
24 998 37
998 37 804
37 804 14
999 999 52
999 52 220
52 220 24
220 24 73
24 73 2
2 998 500
998 500 27
500 27 3
27 3 0
3 0 84
0 84 4
4 998 493
999 999 10
999 10 179
10 179 36
179 36 138
36 138 11
138 11 354
11 354 120
354 120 389
998 998 42
998 42 250
42 250 31
31 998 1
999 999 9
999 9 405
405 998 232
998 232 4
232 4 26
26 998 456
998 456 1
456 1 50
1 50 52
52 998 52
998 52 116
52 116 20
116 20 634
20 634 7
7 998 34
998 34 97
34 97 922
97 922 135
999 999 52
52 998 0
998 0 167
0 167 456
167 456 0
456 0 18
0 18 52
18 52 60
60 998 37
37 998 38
38 998 271
999 999 43
999 43 37
43 37 514
37 514 110
514 110 12
110 12 35
35 998 9
9 998 9
998 9 116
9 116 20
116 20 64
20 64 8
999 999 9
999 9 200
200 998 754
998 754 12
754 12 751
12 751 13
999 999 9
999 9 24
9 24 106
24 106 37
106 37 7
7 998 68
68 998 1
998 998 13
998 13 71
13 71 1
71 1 7
1 7 248
7 248 3
248 3 129
3 129 342
129 342 52
342 52 42
42 998 51
998 51 265
51 265 1
265 1 51
1 51 145
999 999 52
999 52 5
52 5 2
2 998 33
998 33 66
33 66 296
66 296 1
1 998 227
998 227 6
227 6 6
6 6 9
6 9 237
9 237 51
237 51 742
51 742 29
742 29 85
29 85 105
105 998 829
998 829 943
829 943 128
998 998 232
998 232 7
999 999 53
999 53 45
45 998 254
998 254 1
254 1 702
702 998 295
998 295 4
295 4 24
24 998 0
998 0 213
0 213 3
213 3 37
999 999 35
999 35 105
35 105 79
105 79 24
24 998 19
998 19 0
19 0 187
0 187 11
11 998 147
998 147 62
147 62 163
62 163 36
999 999 54
54 998 4
998 4 11
4 11 5
11 5 35
5 35 47
999 999 9
999 9 273
9 273 284
273 284 14
284 14 2
998 998 3
999 999 9
999 9 458
9 458 4
458 4 118
4 118 49
118 49 40
49 40 0
40 0 145
0 145 246
145 246 486
246 486 0
999 999 1
1 998 423
998 423 497
423 497 172
497 172 11
172 11 7
11 7 83
999 999 9
999 9 77
9 77 152
77 152 175
152 175 4
175 4 64
4 64 286
64 286 317
286 317 386
317 386 344
999 998 9
998 9 12
9 12 51
51 998 15
998 15 0
0 998 30
998 30 0
0 998 1
998 1 162
1 162 4
162 4 24
998 998 7
7 998 14
998 14 0
14 0 87
0 87 879
87 879 3
879 3 129
998 998 1
998 1 0
999 999 8
999 8 179
8 179 11
179 11 45
11 45 3
45 3 0
0 998 152
998 152 891
152 891 11
891 11 129
11 129 104
129 104 135
104 135 67
135 67 947
67 947 4
947 4 26
26 998 821
998 821 1
821 1 20
1 20 0
20 0 750
999 999 10
10 998 9
998 9 200
9 200 497
200 497 31
31 998 969
998 969 4
4 998 11
998 11 35
11 35 105
35 105 3
105 3 172
3 172 118
172 118 30
118 30 518
999 999 9
999 9 77
9 77 200
200 998 12
998 998 1
998 1 157
1 157 7
157 7 129
7 129 135
999 999 1
999 1 52
1 52 413
413 998 0
0 998 11
998 11 67
67 998 0
0 998 1
998 1 0
998 998 7
998 7 815
999 999 46
999 46 12
46 12 27
12 27 541
27 541 7
541 7 0
0 998 134
998 134 115
134 115 0
0 998 3
998 998 65
998 65 0
0 998 111
111 998 11
998 11 9
11 9 362
362 998 252
999 999 9
999 9 412
9 412 259
412 259 52
259 52 12
52 12 492
12 492 4
4 998 11
998 11 1
11 1 35
35 998 6
998 6 6
6 6 9
6 9 571
9 571 43
571 43 105
43 105 3
105 3 0
0 998 33
33 998 0
998 0 232
0 232 67
232 67 979
67 979 4
979 4 64
4 64 0
998 998 3
998 3 9
3 9 114
114 998 456
998 456 0
456 0 422
0 422 16
999 999 98
999 98 28
98 28 143
28 143 3
143 3 172
3 172 33
172 33 367
33 367 4
367 4 118
4 118 37
118 37 60
37 60 140
60 140 254
140 254 58
254 58 20
58 20 24
20 24 97
24 97 313
97 313 47
47 998 12
998 12 62
12 62 36
62 36 7
36 7 37
7 37 388
37 388 16
388 16 150
999 999 9
999 9 100
998 998 2
998 998 7
998 7 0
7 0 107
0 107 11
107 11 12
11 12 514
999 999 52
52 998 28
998 28 0
28 0 203
203 998 14
998 14 172
14 172 4
172 4 64
4 64 0
0 998 39
39 998 4
4 998 336
998 336 0
336 0 203
0 203 279
203 279 3
999 998 152
152 998 0
0 998 3
998 3 0
3 0 164
999 999 7
999 7 37
37 998 986
998 986 4
986 4 398
4 398 0
0 998 16
998 16 325
16 325 3
325 3 11
11 998 52
998 52 800
800 998 47
998 47 58
58 998 4
998 4 26
4 26 37
998 998 6
998 6 6
6 6 9
6 9 259
9 259 11
998 998 0
998 0 211
0 211 457
998 998 114
998 998 1
1 998 28
28 998 78
998 78 27
27 998 312
999 999 1
999 1 52
1 52 116
52 116 8
116 8 15
8 15 31
31 998 1
1 998 11
998 11 12
11 12 469
999 998 12
998 12 2
12 2 325
2 325 463
325 463 14
14 998 754
999 999 9
999 9 429
9 429 8
429 8 924
8 924 2
2 998 3
998 3 83
3 83 537
83 537 37
537 37 93
37 93 7
93 7 0
7 0 679
999 999 9
999 9 77
9 77 429
77 429 8
429 8 924
8 924 37
924 37 31
999 999 10
999 10 231
10 231 26
231 26 0
0 998 450
998 450 3
998 998 121
998 121 90
999 999 0
999 0 892
0 892 1
1 998 139
139 998 0
0 998 103
998 103 3
103 3 0
0 998 1
999 999 32
999 32 675
32 675 85
675 85 4
999 999 53
998 998 13
998 998 67
998 67 122
67 122 224
999 999 0
0 998 3
998 998 7
7 998 29
998 29 228
29 228 329
228 329 39
329 39 7
39 7 57
7 57 14
14 998 4
998 4 26
26 998 30
998 30 0
0 998 567
998 567 12
567 12 20
12 20 96
20 96 76
999 999 459
999 459 8
459 8 452
452 998 1
998 1 20
1 20 734
734 998 190
999 999 2
999 2 165
998 998 641
998 641 3
641 3 0
998 998 56
998 56 7
56 7 0
0 998 3
998 3 0
0 998 1
1 998 58
998 58 24
24 998 2
998 2 171
999 999 0
999 0 113
113 998 5
5 998 60
60 998 0
0 998 218
998 218 1
218 1 461
1 461 33
461 33 65
65 998 63
998 63 282
999 999 459
999 459 80
459 80 330
330 998 67
998 67 968
67 968 13
13 998 1
998 1 53
1 53 48
53 48 241
48 241 0
0 998 147
998 147 327
147 327 92
999 999 2
999 2 122
122 998 58
998 58 24
58 24 73
24 73 641
73 641 3
641 3 92
998 998 4
998 4 119
4 119 0
0 998 3
998 3 63
999 999 401
401 998 1
1 998 135
998 135 3
3 998 98
998 998 0
998 0 691
0 691 34
691 34 0
0 998 139
998 139 24
24 998 29
998 29 0
29 0 126
999 999 70
999 70 95
70 95 64
95 64 91
64 91 85
85 998 65
65 998 20
998 20 39
20 39 10
10 998 218
998 218 17
218 17 28
17 28 0
28 0 356
999 998 29
998 29 113
999 999 0
998 998 0
998 998 3
3 998 689
689 998 29
998 29 89
29 89 87
87 998 1
999 999 8
999 8 706
8 706 56
998 998 14
998 14 55
14 55 324
324 998 31
31 998 69
69 998 960
998 998 960
960 998 561
998 998 964
998 998 717
998 998 1
998 998 4
4 998 53
998 53 148
53 148 7
148 7 621
621 998 12
998 12 448
12 448 355
448 355 29
355 29 0
29 0 57
0 57 0
57 0 61
0 61 297
61 297 266
999 999 169
999 169 276
169 276 7
276 7 2
7 2 133
998 998 534
534 998 0
998 0 855
0 855 17
855 17 39
17 39 13
39 13 677
677 998 239
998 239 34
239 34 8
34 8 78
998 998 1
999 999 0
999 0 18
0 18 5
18 5 31
5 31 562
31 562 4
998 998 228
998 228 852
228 852 15
852 15 2
2 998 3
3 998 11
998 11 5
11 5 60
60 998 451
998 451 19
451 19 0
19 0 443
0 443 3
443 3 79
3 79 33
79 33 67
33 67 448
67 448 0
0 998 3
998 998 1
999 999 356
999 356 10
356 10 5
10 5 0
5 0 180
180 998 4
4 998 2
2 998 7
998 7 0
0 998 3
998 3 702
3 702 17
702 17 2
17 2 177
998 998 30
998 998 6
998 6 6
998 998 0
0 998 3
998 3 0
3 0 18
0 18 10
18 10 5
10 5 2
998 998 15
998 15 389
998 998 1
998 1 554
999 999 221
999 221 2
998 998 3
998 3 18
18 998 7
998 7 45
7 45 135
45 135 1
135 1 31
31 998 3
998 3 8
3 8 29
8 29 80
29 80 371
999 999 28
999 28 7
28 7 28
7 28 0
0 998 484
998 484 5
5 998 625
625 998 17
998 17 8
17 8 5
8 5 109
5 109 28
109 28 76
28 76 38
76 38 28
38 28 48
28 48 39
48 39 2
39 2 222
2 222 122
222 122 69
122 69 746
69 746 3
746 3 0
999 999 574
998 998 22
998 22 800
22 800 4
800 4 2
2 998 1
998 998 81
998 81 20
999 999 0
0 998 5
5 998 17
998 998 6
998 6 6
6 998 831
998 831 8
999 999 41
999 998 359
998 359 13
998 998 19
19 998 10
10 998 5
5 998 1
998 1 244
999 999 39
999 39 189
39 189 89
189 89 101
89 101 1
101 1 61
1 61 15
61 15 2
2 998 3
3 998 7
998 7 45
45 998 2
998 2 219
219 998 179
998 179 49
999 999 20
999 20 0
20 0 87
87 998 681
681 998 299
299 998 121
998 121 116
121 116 653
116 653 407
653 407 42
407 42 0
42 0 235
0 235 3
235 3 2
3 2 84
84 998 11
998 11 12
12 998 78
998 78 358
78 358 154
358 154 97
97 998 95
998 95 26
95 26 90
999 999 46
999 46 22
46 22 45
22 45 682
45 682 970
682 970 456
970 456 1
456 1 53
1 53 2
53 2 165
165 998 639
998 639 17
639 17 0
17 0 61
0 61 13
61 13 2
13 2 219
2 219 459
219 459 147
459 147 738
147 738 56
738 56 4
56 4 72
4 72 6
72 6 6
998 998 5
998 5 2
2 998 148
998 148 13
148 13 874
998 998 1
998 1 28
999 999 48
999 999 60
999 60 98
60 98 45
45 998 116
998 116 9
9 998 9
998 9 411
9 411 10
411 10 16
999 999 1
999 1 98
1 98 869
98 869 761
869 761 34
761 34 28
34 28 0
28 0 80
80 998 128
998 128 1
128 1 522
1 522 40
522 40 8
40 8 45
8 45 49
45 49 9
49 9 843
9 843 11
843 11 9
11 9 411
9 411 8
999 999 9
999 9 114
9 114 312
114 312 103
312 103 236
103 236 82
236 82 32
82 32 22
32 22 35
999 999 32
999 32 607
32 607 24
607 24 2
2 998 440
998 440 746
440 746 1
746 1 126
998 998 19
998 19 0
19 0 80
0 80 535
80 535 160
535 160 55
160 55 136
55 136 562
999 999 9
9 998 15
998 15 80
80 998 11
998 11 130
11 130 41
130 41 96
999 999 7
999 7 169
7 169 93
169 93 10
93 10 18
10 18 5
18 5 947
5 947 4
4 998 123
998 123 274
999 999 35
999 35 389
35 389 456
389 456 0
456 0 18
0 18 21
18 21 235
21 235 36
235 36 320
36 320 46
320 46 21
46 21 235
21 235 0
998 998 0
0 998 0
0 998 0
998 998 0
0 998 0
0 998 505
998 505 505
505 505 6
505 6 6
6 6 7
6 7 169
7 169 93
169 93 0
93 0 162
162 998 21
998 21 78
21 78 0
78 0 443
0 443 3
443 3 0
3 0 101
0 101 59
101 59 5
59 5 132
5 132 35
132 35 105
35 105 79
105 79 235
79 235 35
35 998 11
998 11 0
11 0 16
0 16 663
16 663 92
999 999 98
999 98 9
9 998 144
998 144 8
144 8 9
8 9 405
9 405 0
405 0 167
999 999 17
999 17 716
17 716 45
45 998 9
9 998 11
998 11 10
11 10 5
10 5 85
5 85 0
85 0 16
0 16 65
16 65 4
65 4 26
4 26 0
26 0 61
0 61 209
61 209 0
0 998 41
998 41 0
0 998 21
998 21 0
21 0 507
0 507 235
507 235 6
235 6 6
6 6 0
998 998 1
998 1 381
998 998 21
998 21 7
21 7 0
7 0 135
0 135 491
998 998 1
1 998 15
15 998 1
999 999 253
999 253 9
9 998 546
546 998 103
998 103 202
103 202 2
998 998 112
998 112 98
112 98 28
98 28 209
28 209 2
209 2 16
2 16 409
16 409 4
409 4 361
4 361 2
361 2 61
2 61 10
61 10 18
10 18 5
18 5 391
5 391 27
391 27 3
27 3 54
3 54 156
999 999 9
999 9 39
9 39 212
39 212 0
212 0 16
0 16 19
16 19 254
999 999 9
999 9 62
9 62 489
62 489 8
999 999 9
999 9 36
9 36 2
36 2 48
2 48 721
999 999 1
999 1 10
1 10 27
10 27 65
27 65 68
68 998 56
998 56 4
56 4 0
4 0 126
998 998 116
998 116 2
116 2 48
2 48 285
999 999 9
999 9 58
58 998 8
998 8 4
8 4 2
4 2 454
999 999 9
999 9 118
9 118 11
11 998 10
998 10 18
10 18 12
18 12 20
12 20 2
998 998 629
998 629 17
629 17 7
17 7 695
7 695 3
3 998 354
354 998 87
998 87 3
87 3 59
3 59 24
59 24 73
998 998 112
998 112 324
998 998 3
998 3 28
28 998 423
998 423 7
423 7 10
7 10 773
773 998 977
998 977 2
977 2 329
2 329 631
999 999 0
0 998 0
998 998 7
998 7 45
7 45 3
45 3 0
0 998 944
998 944 17
944 17 8
8 998 2
2 998 312
312 998 279
998 279 420
279 420 0
998 998 312
312 998 3
998 3 399
399 998 1
998 1 45
1 45 3
45 3 89
89 998 1
998 1 157
1 157 1
998 998 6
998 6 6
6 6 1
1 998 3
3 998 44
998 44 5
44 5 0
0 998 647
647 998 173
998 173 13
173 13 0
13 0 948
0 948 805
805 998 602
998 998 5
998 5 356
356 998 13
998 13 25
13 25 706
25 706 44
706 44 7
44 7 0
7 0 440
0 440 3
440 3 23
3 23 579
23 579 3
579 3 574
3 574 60
574 60 4
60 4 26
26 998 663
998 663 29
663 29 47
29 47 487
47 487 44
487 44 4
44 4 398
4 398 23
398 23 278
278 998 7
998 7 0
7 0 743
0 743 3
743 3 0
998 998 180
998 180 3
3 998 29
998 29 0
0 998 3
998 3 0
0 998 799
999 999 50
999 50 9
50 9 212
9 212 0
998 998 0
998 998 9
998 9 846
9 846 2
2 998 2
2 998 2
2 998 12
12 998 742
998 742 6
742 6 6
998 998 0
998 0 521
0 521 990
998 998 1
998 1 53
53 998 229
998 998 1
998 998 13
998 13 151
13 151 7
151 7 0
998 998 3
998 998 1
998 998 78
998 78 10
78 10 776
10 776 3
776 3 399
399 998 764
998 764 114
764 114 218
114 218 1
998 998 7
998 7 2
7 2 898
2 898 59
898 59 5
5 998 801
998 801 1
801 1 241
1 241 784
241 784 5
784 5 124
5 124 15
124 15 172
999 999 85
999 85 893
85 893 66
893 66 21
66 21 74
998 998 503
998 503 493
503 493 36
36 998 785
998 785 2
785 2 733
2 733 3
733 3 520
3 520 1
520 1 74
74 998 2
999 999 5
999 5 893
5 893 261
893 261 4
4 998 2
2 998 4
998 4 395
999 999 11
999 11 271
11 271 133
133 998 277
998 277 8
277 8 139
8 139 271
139 271 124
271 124 26
124 26 399
999 999 830
999 830 0
0 998 10
998 10 16
16 998 6
998 6 6
6 6 0
6 0 503
0 503 175
503 175 2
998 998 14
998 14 63
63 998 443
999 999 17
999 17 91
17 91 269
269 998 1
998 1 32
1 32 24
32 24 4
24 4 350
4 350 63
63 998 4
998 4 74
4 74 0
998 998 406
406 998 166
998 166 4
4 998 0
999 999 32
999 32 384
32 384 8
8 998 352
352 998 260
998 260 338
999 999 1
999 1 0
1 0 131
0 131 29
131 29 0
29 0 440
0 440 33
440 33 714
33 714 4
714 4 26
4 26 0
26 0 27
0 27 11
27 11 297
11 297 0
297 0 269
0 269 5
269 5 0
5 0 27
999 999 17
999 17 0
17 0 270
0 270 5
270 5 974
999 998 7
998 7 0
999 999 20
999 20 282
20 282 54
282 54 57
54 57 121
57 121 170
999 999 6
999 6 6
6 6 17
6 17 8
17 8 5
8 5 122
5 122 69
69 998 740
999 999 9
999 9 12
9 12 742
12 742 29
742 29 0
29 0 477
0 477 654
477 654 10
654 10 18
10 18 182
18 182 34
182 34 755
999 999 9
999 9 212
9 212 8
212 8 27
8 27 521
27 521 308
521 308 19
308 19 254
19 254 1
254 1 8
1 8 629
8 629 0
0 998 9
998 9 158
9 158 100
158 100 8
100 8 12
8 12 141
12 141 7
141 7 50
7 50 8
50 8 84
999 999 241
999 241 9
241 9 362
9 362 8
362 8 177
8 177 71
177 71 15
71 15 2
15 2 315
2 315 969
315 969 38
969 38 104
38 104 1
104 1 31
1 31 216
216 998 19
998 19 2
999 999 478
478 998 263
998 998 14
998 14 23
14 23 214
23 214 59
214 59 177
59 177 72
72 998 56
998 56 0
0 998 388
388 998 3
998 3 23
3 23 605
23 605 1
605 1 305
1 305 321
305 321 290
321 290 8
290 8 177
8 177 782
999 999 9
999 9 391
9 391 369
391 369 8
369 8 13
8 13 2
2 998 253
998 253 45
253 45 3
45 3 0
0 998 59
998 59 231
59 231 24
231 24 452
24 452 2
452 2 222
222 998 7
998 7 146
7 146 195
146 195 295
295 998 59
998 59 5
59 5 2
5 2 876
876 998 11
998 998 5
998 5 389
5 389 39
389 39 335
39 335 13
335 13 2
998 998 425
998 425 3
425 3 36
36 998 39
998 39 4
39 4 74
999 999 13
999 13 0
13 0 18
0 18 748
18 748 2
998 998 172
998 172 0
998 998 5
998 5 35
35 998 21
998 21 231
21 231 823
231 823 3
3 998 43
998 43 136
43 136 549
136 549 2
549 2 918
918 998 5
999 999 71
999 71 9
71 9 88
9 88 100
88 100 97
100 97 27
97 27 42
42 998 3
3 998 34
998 34 307
34 307 10
307 10 18
10 18 17
18 17 2
17 2 165
2 165 195
165 195 24
24 998 3
999 999 0
998 998 5
998 5 0
5 0 425
0 425 3
425 3 16
3 16 11
16 11 160
998 998 163
998 163 48
163 48 6
48 6 6
6 6 51
51 998 451
998 451 19
451 19 0
19 0 779
998 998 61
61 998 5
998 5 40
5 40 2
2 998 17
17 998 246
998 246 33
33 998 2
2 998 131
998 131 602
131 602 84
602 84 314
314 998 482
999 999 276
276 998 7
998 7 23
7 23 338
23 338 52
338 52 5
5 998 30
998 30 2
998 998 2
998 2 903
998 998 1
1 998 2
2 998 11
11 998 183
998 183 0
183 0 669
0 669 1
1 998 37
998 37 4
4 998 2
998 2 171
999 999 1
999 1 4
1 4 37
37 998 500
998 998 240
998 240 71
240 71 6
71 6 6
6 6 459
6 459 37
37 998 4
998 4 81
4 81 35
81 35 5
35 5 0
5 0 322
0 322 213
322 213 3
213 3 0
3 0 18
999 999 0
999 0 112
0 112 5
112 5 177
177 998 4
998 4 130
4 130 0
130 0 217
0 217 1
217 1 133
1 133 0
133 0 173
0 173 5
173 5 158
5 158 836
158 836 0
836 0 225
0 225 5
5 998 1
998 1 0
1 0 16
0 16 35
35 998 476
998 476 26
26 998 4
998 4 526
526 998 600
999 999 278
999 278 0
278 0 149
0 149 60
60 998 40
40 998 226
998 226 17
226 17 8
17 8 28
8 28 732
28 732 2
732 2 171
999 999 738
999 738 4
738 4 10
4 10 2
10 2 356
2 356 378
378 998 484
998 484 1
484 1 46
1 46 21
46 21 22
21 22 6
22 6 6
6 6 46
6 46 22
46 22 103
22 103 11
103 11 22
11 22 35
22 35 76
35 76 32
76 32 22
32 22 244
22 244 4
244 4 102
999 999 8
999 8 5
8 5 278
5 278 11
278 11 0
998 998 42
998 42 2
42 2 165
165 998 0
998 0 18
18 998 35
998 35 72
35 72 9
72 9 412
9 412 159
412 159 56
159 56 49
56 49 69
49 69 31
998 998 1
998 1 30
1 30 0
30 0 57
0 57 0
57 0 219
0 219 149
219 149 5
149 5 125
5 125 123
125 123 418
123 418 75
75 998 34
999 999 43
999 43 8
8 998 14
998 998 93
998 93 15
93 15 2
2 998 10
998 10 58
10 58 26
58 26 0
998 998 14
999 999 193
999 193 8
193 8 2
8 2 701
2 701 6
701 6 6
999 998 1
998 1 793
1 793 22
793 22 20
22 20 204
20 204 0
204 0 84
0 84 687
84 687 11
687 11 210
11 210 4
210 4 337
4 337 50
50 998 29
998 29 217
217 998 33
998 33 231
33 231 81
231 81 136
81 136 2
136 2 149
2 149 859
149 859 183
859 183 1
183 1 722
1 722 40
722 40 18
999 999 6
999 6 6
6 6 241
6 241 45
241 45 3
45 3 0
3 0 113
0 113 103
113 103 3
103 3 0
3 0 516
0 516 44
516 44 3
44 3 0
3 0 483
0 483 0
0 998 7
998 7 2
2 998 266
998 266 308
266 308 1
308 1 0
1 0 530
530 998 2
998 2 657
2 657 3
998 998 11
11 998 92
998 92 699
92 699 2
998 998 1
998 1 89
89 998 3
998 998 1
999 999 6
999 6 6
6 6 115
6 115 0
0 998 613
998 613 2
613 2 981
2 981 854
981 854 4
854 4 161
4 161 18
161 18 0
18 0 60
60 998 7
998 7 368
7 368 0
368 0 113
113 998 385
385 998 7
7 998 12
998 12 2
998 998 34
998 34 0
998 998 7
998 7 2
2 998 15
998 15 129
129 998 6
998 6 6
6 6 34
6 34 0
34 0 541
0 541 0
541 0 323
323 998 3
998 3 623
3 623 885
885 998 2
2 998 5
5 998 183
998 998 180
998 180 1
180 1 13
1 13 0
13 0 371
371 998 8
8 998 121
999 999 6
999 6 6
6 6 243
6 243 233
243 233 11
998 998 15
998 15 2
15 2 453
2 453 483
453 483 17
998 998 392
392 998 2
998 998 1
998 998 11
998 11 160
11 160 21
160 21 13
13 998 13
998 13 25
13 25 179
999 999 1
1 998 233
998 233 73
73 998 183
183 998 14
998 14 96
14 96 205
96 205 1
205 1 0
998 998 7
998 7 2
998 998 1
998 998 5
5 998 86
998 86 14
86 14 0
14 0 228
0 228 57
999 999 6
999 6 6
6 6 241
998 998 129
129 998 96
998 96 72
96 72 4
72 4 612
4 612 146
999 999 1
999 1 437
1 437 152
437 152 32
152 32 65
32 65 24
65 24 8
24 8 579
999 999 6
999 6 6
998 998 25
25 998 50
998 50 11
998 998 3
998 3 2
998 998 86
998 86 1
1 998 44
998 44 28
44 28 3
28 3 0
0 998 0
0 998 42
998 42 73
73 998 40
40 998 203
999 999 0
0 998 5
998 5 14
5 14 86
14 86 4
86 4 632
4 632 127
632 127 14
127 14 23
14 23 199
23 199 48
999 999 17
999 17 294
17 294 25
294 25 297
297 998 78
998 78 23
78 23 199
23 199 936
999 999 6
999 6 6
6 6 1
6 1 47
1 47 2
47 2 180
2 180 3
3 998 25
998 25 635
25 635 50
635 50 25
25 998 19
998 19 23
23 998 1
998 1 708
1 708 141
708 141 19
141 19 2
19 2 849
2 849 11
849 11 195
11 195 38
195 38 195
38 195 20
195 20 24
20 24 73
73 998 184
998 184 34
184 34 2
2 998 154
999 999 6
999 6 6
6 6 203
6 203 239
203 239 233
239 233 7
233 7 939
7 939 15
939 15 0
0 998 0
0 998 23
998 23 199
998 998 7
998 7 2
7 2 566
998 998 23
998 23 285
23 285 160
285 160 86
160 86 571
86 571 704
571 704 25
704 25 5
25 5 317
5 317 13
13 998 13
998 13 143
13 143 25
143 25 42
42 998 4
998 4 694
4 694 7
999 999 36
36 998 7
7 998 266
998 266 66
266 66 25
25 998 47
998 47 25
47 25 5
999 999 6
999 6 6
6 6 50
6 50 25
50 25 42
42 998 321
998 321 4
321 4 463
4 463 25
25 998 11
998 11 25
11 25 42
998 998 23
23 998 626
998 626 15
626 15 2
2 998 895
998 895 0
998 998 33
998 33 179
33 179 13
179 13 43
13 43 52
43 52 66
52 66 463
66 463 23
998 998 78
998 78 138
78 138 282
138 282 579
282 579 338
579 338 4
999 999 6
999 6 6
6 6 0
0 998 3
998 3 10
3 10 881
10 881 18
881 18 5
5 998 1
999 999 0
999 0 582
0 582 3
582 3 892
3 892 11
11 998 4
998 4 0
4 0 358
358 998 0
998 0 225
0 225 4
225 4 2
4 2 322
322 998 0
998 0 403
0 403 5
5 998 202
202 998 78
998 998 202
998 998 38
999 999 6
999 6 6
6 6 1
6 1 28
1 28 3
28 3 10
10 998 446
998 446 1
446 1 110
1 110 209
110 209 96
96 998 38
38 998 4
4 998 0
998 0 573
0 573 890
998 998 895
998 895 5
895 5 335
5 335 4
335 4 83
4 83 931
999 999 52
999 52 275
52 275 731
275 731 4
731 4 26
4 26 31
26 31 500
31 500 3
998 998 1
998 1 37
37 998 238
998 238 849
238 849 5
849 5 13
13 998 128
998 128 13
128 13 5
13 5 37
37 998 7
998 7 542
7 542 37
542 37 4
999 999 0
999 0 135
0 135 194
194 998 1
998 998 49
49 998 1
1 998 0
0 998 25
998 25 179
25 179 4
999 999 6
999 6 6
6 6 778
6 778 0
778 0 126
0 126 3
126 3 23
23 998 642
642 998 1
998 998 23
998 23 171
171 998 79
998 79 66
79 66 74
66 74 78
74 78 378
378 998 96
998 96 25
96 25 536
999 999 27
27 998 819
998 819 1
819 1 320
1 320 7
320 7 125
7 125 123
125 123 418
999 999 6
999 6 6
6 6 368
6 368 47
368 47 160
47 160 10
160 10 18
10 18 35
18 35 469
469 998 5
998 5 0
5 0 274
0 274 11
274 11 176
11 176 95
176 95 137
137 998 349
998 349 14
349 14 215
14 215 249
215 249 258
249 258 14
258 14 286
14 286 33
286 33 5
33 5 261
5 261 35
261 35 264
35 264 4
264 4 81
4 81 203
81 203 15
203 15 27
998 998 7
998 7 0
0 998 27
998 27 349
349 998 38
38 998 38
998 38 87
87 998 667
998 667 4
4 998 21
998 21 24
21 24 55
55 998 125
999 998 42
998 42 204
204 998 0
998 998 810
998 810 92
810 92 4
92 4 0
999 999 115
999 115 0
0 998 613
998 613 120
613 120 35
120 35 7
35 7 2
7 2 811
999 999 6
999 6 6
6 6 27
27 998 3
998 3 31
31 998 10
998 10 878
878 998 18
998 18 42
18 42 2
2 998 330
330 998 3
998 3 2
998 998 11
998 11 558
11 558 295
558 295 44
295 44 3
44 3 266
3 266 19
266 19 721
721 998 726
999 999 85
999 85 51
999 999 6
999 6 6
6 6 17
17 998 439
439 998 97
998 97 16
97 16 439
16 439 33
439 33 745
33 745 106
745 106 10
106 10 27
10 27 22
27 22 7
22 7 14
7 14 2
999 999 252
999 252 20
252 20 106
20 106 0
106 0 922
0 922 104
922 104 7
104 7 0
0 998 3
3 998 99
998 99 9
99 9 12
9 12 2
12 2 111
111 998 4
998 4 102
4 102 0
998 998 6
998 6 6
6 6 186
6 186 8
186 8 12
8 12 2
12 2 51
51 998 559
998 559 1
559 1 9
1 9 152
9 152 24
152 24 0
24 0 428
0 428 3
428 3 20
20 998 47
998 47 12
12 998 667
998 667 4
667 4 20
4 20 307
20 307 0
307 0 84
0 84 104
84 104 103
999 999 248
999 248 168
248 168 3
168 3 0
3 0 61
0 61 12
61 12 758
12 758 4
758 4 376
4 376 1
376 1 9
9 998 7
998 7 114
7 114 15
114 15 0
998 998 154
998 154 8
154 8 65
65 998 0
999 999 9
999 9 88
9 88 100
88 100 9
100 9 24
9 24 121
24 121 288
121 288 136
288 136 31
31 998 90
998 90 1
1 998 18
998 18 258
18 258 31
258 31 208
31 208 18
999 999 230
999 230 9
230 9 607
607 998 239
998 239 34
239 34 208
34 208 1
208 1 705
1 705 581
705 581 99
581 99 10
99 10 12
10 12 136
12 136 83
83 998 4
998 4 68
999 998 5
998 5 27
5 27 3
27 3 0
3 0 87
87 998 103
998 103 8
8 998 123
998 123 676
123 676 34
676 34 0
34 0 84
0 84 329
329 998 0
998 0 228
0 228 808
228 808 154
808 154 0
154 0 885
885 998 6
998 6 6
998 998 12
998 12 317
12 317 751
317 751 13
751 13 23
13 23 214
23 214 13
999 999 198
999 198 538
198 538 2
538 2 171
2 171 40
171 40 23
40 23 83
23 83 342
83 342 7
342 7 0
0 998 1
998 1 146
1 146 10
10 998 280
998 280 42
280 42 27
42 27 49
27 49 4
49 4 738
4 738 4
738 4 23
999 999 9
999 9 163
9 163 963
163 963 4
963 4 307
4 307 49
307 49 3
49 3 23
3 23 99
23 99 7
99 7 0
7 0 679
0 679 6
679 6 6
6 6 0
0 998 67
67 998 15
998 15 416
15 416 248
416 248 27
248 27 12
27 12 224
224 998 1
998 1 9
1 9 12
9 12 39
39 998 30
998 30 0
0 998 3
998 3 10
3 10 16
999 999 71
999 71 224
999 998 10
998 10 2
10 2 712
2 712 211
712 211 5
5 998 17
999 999 0
999 0 516
0 516 42
998 998 78
78 998 96
96 998 19
998 19 247
19 247 0
247 0 283
0 283 364
283 364 74
364 74 289
74 289 1
289 1 15
1 15 51
15 51 111
51 111 669
111 669 14
14 998 1
998 1 80
1 80 519
80 519 247
519 247 8
8 998 1
1 998 709
998 709 6
709 6 6
6 6 0
0 998 183
998 183 0
0 998 120
998 120 20
20 998 34
998 34 129
129 998 8
998 8 984
8 984 4
984 4 959
4 959 2
2 998 746
746 998 814
998 814 1
814 1 42
1 42 2
42 2 550
2 550 173
173 998 0
998 0 77
0 77 550
550 998 798
998 798 9
798 9 768
9 768 749
768 749 0
749 0 687
0 687 671
687 671 173
671 173 13
173 13 14
13 14 450
14 450 438
998 998 42
998 42 2
2 998 214
998 214 4
214 4 0
4 0 18
0 18 1
18 1 23
1 23 61
23 61 5
5 998 43
998 43 20
43 20 49
20 49 665
49 665 69
665 69 0
69 0 857
0 857 6
857 6 6
6 6 0
6 0 18
0 18 841
18 841 182
998 998 0
998 998 313
998 313 34
313 34 10
34 10 18
10 18 1
18 1 42
