999 10
10 12
12 31
31 413
413 378
378 16
999 88
88 26
998 7
7 30
998 38
38 478
999 192
192 22
22 83
83 151
151 17
17 10
10 220
220 317
317 26
26 63
63 242
242 214
214 7
7 467
999 53
53 63
63 83
83 110
110 95
95 20
998 10
998 627
627 744
999 10
10 16
16 5
5 31
31 388
998 172
998 408
999 0
0 87
998 135
135 67
67 143
143 50
50 0
998 67
67 247
247 63
998 14
998 1
1 37
998 15
998 12
12 155
155 17
17 2
998 890
998 7
7 2
2 16
16 11
11 12
998 3
3 97
97 145
999 9
9 237
237 663
663 11
11 46
46 22
22 99
99 36
36 10
998 36
998 48
48 396
999 9
9 95
998 859
859 140
140 8
999 9
9 24
24 73
73 624
624 4
4 774
998 304
304 103
103 17
17 10
10 5
5 607
607 667
667 4
4 2
998 3
3 176
176 572
572 62
998 108
998 1
998 19
19 0
998 1
1 252
252 39
998 2
2 171
999 186
186 19
19 10
998 9
998 82
82 0
0 18
18 12
999 0
0 112
112 911
911 12
998 590
590 1
1 348
999 176
176 452
452 4
4 569
569 17
17 15
15 55
998 3
3 47
47 12
998 92
92 38
38 132
999 9
9 941
941 9
9 195
195 24
998 168
168 3
3 0
0 18
18 17
17 9
9 288
288 0
998 3
3 8
8 1
1 277
277 39
39 452
452 4
4 569
569 3
3 89
89 199
998 202
202 97
97 145
998 14
14 227
227 321
999 9
998 369
369 10
10 18
18 29
29 28
998 0
998 7
7 2
2 881
998 1
998 1
998 193
193 718
718 342
342 13
13 32
32 204
204 295
295 4
4 81
999 6
6 6
6 17
17 210
210 19
19 354
354 2
998 0
0 79
79 3
998 530
998 4
998 515
515 2
998 406
406 2
999 1
1 4
998 0
998 515
515 91
998 8
8 44
44 19
19 0
998 14
998 3
3 0
0 508
999 6
6 6
6 155
155 53
998 11
11 551
551 19
19 0
998 502
502 3
3 0
998 304
304 0
999 438
998 1
998 943
943 4
4 24
998 530
530 14
998 0
998 14
14 0
0 312
998 6
6 6
998 755
755 26
998 14
14 2
998 581
581 3
3 718
998 15
15 10
998 112
112 38
38 4
998 123
123 418
418 7
999 10
10 5
5 0
0 238
238 3
3 18
18 14
14 2
998 50
50 0
0 347
347 3
3 0
0 180
180 66
66 137
998 15
15 89
89 199
199 955
955 13
13 21
998 78
78 2
2 197
998 1
998 14
14 2
2 364
364 3
3 615
999 372
372 342
342 34
998 1
998 13
13 204
998 0
0 112
112 353
999 46
46 22
22 55
998 4
998 55
998 39
39 2
998 1
998 140
140 156
156 754
754 117
117 29
29 89
89 113
999 2
2 218
218 18
18 7
7 169
169 274
274 1
1 27
27 11
11 977
977 0
998 8
999 13
13 387
387 24
998 28
28 0
0 360
360 11
11 137
998 7
7 10
10 18
18 22
22 646
646 413
999 0
0 112
112 51
998 275
275 0
998 3
3 0
0 650
999 50
50 341
341 22
22 183
183 32
32 175
175 4
4 26
998 17
17 50
50 55
55 341
341 22
22 183
183 32
32 398
398 0
998 3
3 2
2 318
318 164
164 437
999 1
1 0
0 437
437 444
444 2
2 131
131 62
62 816
816 70
70 139
139 28
28 26
26 35
998 29
29 10
10 574
999 25
25 91
91 207
207 56
56 0
998 4
998 23
23 278
278 114
999 10
10 5
5 2
2 18
18 59
59 139
139 26
26 106
106 30
998 900
900 7
998 30
30 38
998 34
34 31
999 8
8 5
5 31
998 1
998 3
998 7
7 2
998 245
245 89
998 1
1 89
999 0
0 245
245 5
5 250
250 30
30 27
27 3
3 0
0 87
87 514
514 178
998 792
792 7
7 431
431 618
998 33
33 12
12 293
293 35
998 7
7 115
115 0
0 855
999 9
9 58
58 369
369 11
11 10
10 18
18 26
26 595
595 7
7 28
998 13
13 21
21 75
75 109
109 64
64 2
2 122
122 19
19 10
10 851
998 5
5 413
998 1
1 27
998 29
29 37
998 4
998 0
998 3
3 2
2 245
998 34
34 10
999 43
998 361
361 172
172 0
0 982
998 686
686 172
172 0
0 890
998 15
15 0
0 167
998 3
999 37
37 890
998 5
5 35
998 248
248 134
134 95
95 26
998 14
14 89
998 3
998 19
19 2
998 3
998 1
998 59
998 5
5 0
0 394
998 4
4 296
296 37
37 449
449 1
1 120
120 35
35 15
998 1
1 2
998 3
998 39
39 13
998 13
999 289
289 32
32 94
94 2
998 3
998 890
998 7
998 15
15 27
27 153
999 10
10 18
18 5
5 62
62 31
998 1
1 162
998 139
139 26
998 3
3 8
999 0
0 60
60 272
272 14
14 20
20 307
307 8
8 5
5 43
43 21
21 22
22 20
20 900
900 7
7 79
999 17
17 53
53 43
43 21
21 36
36 849
849 103
103 113
113 10
10 5
5 98
98 28
998 29
29 0
998 5
5 31
998 302
302 3
3 85
85 2
998 66
998 37
37 199
199 643
643 7
7 2
998 3
999 1
1 43
43 70
70 88
998 15
15 79
998 34
34 0
998 3
998 91
91 70
70 22
22 355
355 967
999 836
836 21
21 24
24 6
6 6
998 13
13 701
998 689
689 689
998 3
999 430
430 539
539 127
127 7
7 0
0 84
84 134
134 191
191 203
998 10
10 119
119 42
42 55
998 6
6 6
6 796
998 13
998 34
34 0
0 84
84 326
326 1
1 146
146 0
998 3
3 0
998 6
6 6
998 13
13 0
998 728
728 3
3 0
998 150
998 69
69 0
998 1
1 150
150 483
483 37
37 199
998 17
17 124
998 20
998 190
190 4
4 24
24 2
998 19
19 0
0 502
999 41
998 32
32 24
998 377
998 1
998 32
32 229
229 53
53 260
998 14
14 946
999 124
124 430
998 3
3 0
998 190
190 4
4 24
24 291
998 37
37 199
199 574
574 47
47 2
999 6
6 6
6 604
998 13
13 291
998 13
998 13
13 23
998 412
412 210
210 56
56 15
15 97
998 14
14 86
86 724
724 0
0 61
61 35
35 52
52 497
497 86
86 2
998 285
285 29
29 0
998 6
6 6
6 1
1 401
401 6
6 6
998 13
13 701
998 3
3 0
998 503
998 7
7 37
998 15
15 2
998 3
3 939
998 14
14 117
117 7
7 0
0 966
966 180
180 39
39 154
999 37
37 113
113 222
222 3
998 198
198 60
60 73
73 4
998 0
0 690
998 338
338 3
998 276
999 9
9 200
200 8
8 12
12 51
51 298
298 17
17 784
784 20
20 168
168 3
3 0
0 145
145 180
999 71
71 70
70 185
185 130
130 32
32 152
998 172
172 6
6 6
998 57
57 12
12 123
123 107
107 58
58 24
24 73
73 619
619 0
0 219
219 119
999 32
32 88
88 896
998 36
36 11
11 97
97 49
999 255
998 20
998 6
6 6
6 35
35 15
15 2
2 173
173 1
1 942
942 36
36 10
10 21
21 24
24 0
998 3
998 203
203 6
6 6
6 349
999 32
32 544
544 129
998 671
671 537
537 82
82 32
998 35
35 71
999 98
98 28
28 110
110 5
5 27
27 3
3 0
998 46
46 5
5 21
21 396
396 153
999 6
6 6
6 84
998 747
747 1
1 747
747 3
999 32
32 74
74 183
183 8
8 30
998 41
41 39
39 0
999 6
6 6
6 329
998 948
948 728
998 2
2 171
999 50
50 20
998 37
37 501
501 22
999 191
191 0
998 3
3 857
998 948
948 728
728 5
999 6
6 6
998 948
948 728
998 26
26 624
624 13
998 6
6 6
6 844
999 158
158 42
42 380
380 7
7 37
37 501
501 50
50 430
430 7
7 114
999 124
124 611
611 193
998 31
998 39
39 14
14 252
252 4
4 493
493 15
15 11
998 7
7 37
37 501
501 9
9 571
999 116
116 32
32 350
999 6
6 6
6 1
998 55
998 650
650 107
107 5
998 430
430 334
334 701
701 38
38 728
999 6
6 6
6 50
50 28
28 12
12 291
291 1
1 224
224 9
9 124
124 412
412 361
361 21
21 33
33 12
998 904
904 1
1 132
999 9
9 412
412 53
53 361
361 21
21 47
47 12
12 291
291 1
1 224
224 6
6 6
6 4
998 56
56 32
32 28
28 417
417 140
140 180
180 326
998 202
202 227
998 4
4 92
92 29
29 28
28 6
6 6
6 589
589 29
29 0
0 126
999 635
635 430
430 404
404 37
37 789
789 4
4 0
0 847
998 1
1 888
998 260
260 338
998 221
221 204
204 2
998 45
45 178
178 229
999 65
65 2
998 19
19 50
50 9
9 88
88 118
118 260
260 338
338 34
34 45
998 1
1 5
5 251
251 565
565 19
19 0
0 873
873 30
30 728
728 3
3 0
998 220
220 26
26 45
45 873
873 43
43 430
430 166
166 4
4 161
161 86
86 46
999 192
192 326
998 22
998 239
239 4
998 29
998 42
42 4
4 26
998 239
998 7
7 129
129 857
857 519
999 6
6 6
6 83
83 457
999 0
0 18
18 5
5 451
451 19
19 2
998 645
645 6
6 6
998 2
2 279
279 3
3 292
998 530
530 3
998 1
1 438
438 114
114 1
999 9
9 24
24 319
319 28
28 292
999 0
0 84
84 104
104 22
22 311
999 0
0 228
228 368
368 31
998 11
11 116
116 20
20 210
210 127
999 17
998 159
159 5
5 531
998 1
998 35
999 10
10 614
614 5
5 0
998 4
4 64
64 0
998 3
998 337
337 108
108 678
678 78
78 2
998 3
3 2
2 18
18 11
11 536
536 8
998 0
998 3
998 1
1 120
120 155
155 3
3 0
0 425
425 6
6 6
998 273
998 4
998 8
999 9
9 62
62 114
114 0
998 208
208 1
998 103
103 3
3 0
998 1
1 89
89 82
82 3
3 0
998 11
998 7
7 92
999 32
32 251
251 0
998 360
360 4
4 26
26 7
7 129
129 103
103 1
1 8
8 152
152 543
543 43
43 32
32 95
95 493
493 362
999 0
0 272
272 9
9 12
12 663
663 30
30 10
10 18
18 12
12 82
82 8
8 273
998 190
999 0
0 61
61 128
128 42
42 2
998 18
18 481
998 108
108 90
90 1
1 0
0 162
162 5
999 35
35 0
998 4
4 375
375 2
2 178
998 4
4 576
576 0
0 426
999 491
491 5
5 27
27 145
145 298
298 246
246 7
7 0
0 18
18 33
33 290
998 17
17 430
998 7
7 8
999 18
18 5
5 415
415 1
1 524
524 30
998 33
998 45
45 3
3 23
998 34
34 23
23 388
388 485
485 1
998 8
8 78
78 0
0 225
999 9
9 633
633 0
0 18
18 95
95 24
24 73
73 31
998 4
4 143
143 388
388 103
999 32
32 95
95 24
24 747
747 3
998 30
30 151
151 33
998 7
7 92
999 46
46 5
5 27
27 280
280 7
7 10
10 18
18 33
33 12
998 34
34 0
998 1
1 89
89 299
998 1
998 943
943 13
13 71
999 9
9 468
468 142
142 166
166 4
4 24
24 4
998 14
14 2
2 162
162 4
4 94
94 2
2 48
998 4
4 0
0 103
103 3
3 0
999 43
43 97
97 22
22 869
869 10
10 94
94 8
8 13
998 13
13 21
21 66
999 611
611 26
999 243
243 10
10 27
27 209
209 62
62 2
998 862
862 120
120 8
998 136
136 2
998 5
5 0
0 84
84 396
396 3
3 2
2 174
998 33
33 5
5 334
334 436
436 38
998 14
14 23
23 238
238 3
3 110
110 1
998 594
594 47
47 10
10 16
16 5
5 40
999 8
8 5
5 451
451 19
19 0
998 2
2 165
165 150
150 575
575 17
17 209
209 947
947 4
4 26
998 19
19 11
999 0
0 16
16 5
998 15
15 45
45 853
998 29
29 217
217 14
14 312
998 59
59 5
5 334
998 20
20 14
14 0
0 80
80 151
151 3
3 257
257 38
38 974
974 8
998 19
19 123
998 238
238 3
3 470
470 38
38 19
19 21
21 108
108 2
998 332
332 38
38 20
998 46
46 209
209 72
72 4
998 3
3 68
68 9
9 161
161 10
10 16
16 4
4 26
26 31
999 304
304 2
998 308
308 9
9 12
998 140
140 0
998 251
251 10
998 3
3 2
2 16
999 47
47 67
67 32
32 522
522 6
6 6
6 43
43 10
10 5
5 117
117 98
998 14
998 55
55 571
571 430
430 801
998 6
6 6
6 1
1 132
132 116
116 604
998 189
189 10
10 214
999 41
998 6
6 6
6 540
540 9
9 678
678 19
19 0
0 16
16 778
778 0
0 126
126 35
35 9
9 152
152 74
74 72
72 3
3 0
0 112
999 17
17 10
998 73
73 0
0 113
113 168
999 10
998 545
545 924
924 338
338 10
998 245
245 10
10 134
134 5
5 782
782 44
44 3
3 0
0 715
998 38
38 0
0 693
998 99
999 52
998 0
0 449
998 1
998 0
0 331
331 441
441 9
9 152
152 517
999 83
83 400
400 6
6 6
6 98
98 10
10 9
9 65
65 4
4 64
64 85
85 8
998 6
6 6
6 71
71 3
3 257
257 10
998 34
34 601
601 42
42 2
998 483
483 35
35 0
998 757
757 5
999 1
1 406
406 32
998 37
999 1
1 406
406 406
999 0
0 545
998 37
998 44
999 6
6 6
6 10
10 5
998 254
999 6
6 6
998 18
18 40
40 292
998 34
998 389
389 106
106 619
619 40
40 7
998 33
33 175
175 4
4 74
74 63
63 789
789 141
141 289
289 179
998 5
5 124
998 0
998 14
998 35
35 32
998 127
127 4
4 156
156 754
754 4
4 612
612 0
998 34
998 2
998 25
998 106
106 23
998 7
7 741
741 150
150 32
998 190
190 88
88 295
295 4
4 337
337 1
1 100
100 233
233 372
372 1
998 179
179 4
4 473
473 2
2 117
998 526
526 30
30 37
998 449
998 2
2 246
246 33
33 39
39 474
474 4
4 64
64 4
4 8
8 37
37 570
998 2
998 131
999 0
998 74
74 0
0 313
313 3
998 78
78 0
998 3
3 2
998 0
0 104
998 360
360 78
78 522
522 25
25 5
5 27
27 3
3 0
998 341
341 7
999 17
17 2
2 407
407 3
998 160
160 0
0 503
503 100
100 0
998 5
998 33
33 262
262 353
353 15
15 0
998 25
25 42
42 2
998 19
19 780
998 6
6 6
6 10
10 18
18 5
5 718
718 695
998 319
319 13
998 260
260 617
617 13
998 1
1 177
998 263
263 441
441 35
35 178
178 1
998 128
128 148
148 459
459 5
5 336
336 111
111 4
4 81
998 5
5 174
174 48
48 13
13 0
998 449
449 17
17 8
8 5
998 2
2 145
998 1
998 13
13 2
998 382
998 780
998 33
33 177
177 72
998 0
0 119
999 15
15 413
413 298
998 52
998 435
435 668
668 456
456 0
0 18
18 148
148 9
9 158
158 58
58 24
24 411
411 4
4 24
24 106
106 92
92 807
807 37
37 53
53 49
49 7
7 10
999 0
0 112
112 7
7 10
10 18
18 5
5 2
2 222
222 682
682 17
998 9
9 251
251 0
0 18
18 4
4 26
26 432
432 1
1 244
999 10
10 302
302 3
3 0
998 344
344 2
2 946
998 524
524 30
998 380
380 717
998 13
999 30
30 10
10 57
57 183
183 0
998 14
14 0
998 12
12 4
4 189
189 136
998 790
790 1
1 94
94 8
8 295
998 1
1 156
156 170
170 1
998 4
4 130
130 15
15 10
10 18
998 20
20 60
998 0
998 17
998 97
998 249
249 231
231 24
24 65
65 14
14 8
999 25
25 686
686 0
0 61
61 15
998 1
1 31
31 809
809 4
998 1
998 342
342 34
34 23
23 151
151 11
11 22
22 155
155 324
324 69
998 258
999 27
27 95
998 11
11 0
998 3
998 27
27 3
3 0
0 113
113 624
624 101
101 7
998 121
121 12
998 30
998 7
7 0
0 18
18 17
17 9
9 100
100 15
15 23
23 232
232 128
998 42
42 146
998 11
999 46
46 5
5 136
136 2
998 1
998 7
7 23
998 11
11 8
8 444
444 854
854 4
4 53
998 249
249 321
321 7
7 0
0 214
214 276
276 841
841 106
998 81
81 8
8 317
317 267
267 25
25 5
999 1
1 47
47 2
998 8
8 5
5 4
4 136
136 2
998 280
280 4
4 26
26 492
492 4
4 189
189 136
136 2
2 71
71 624
624 805
805 1
1 94
94 8
8 35
998 23
23 199
199 5
5 174
999 8
8 5
5 356
356 2
998 4
4 64
64 31
31 280
998 23
998 35
35 71
71 4
4 26
26 492
492 4
4 94
94 2
2 107
107 35
35 145
145 34
34 169
169 685
685 25
998 184
184 4
4 0
998 3
3 23
23 393
393 1
1 4
4 94
94 8
8 28
998 35
35 278
999 41
41 2
998 7
998 6
6 6
6 0
0 80
998 3
3 0
0 173
173 22
998 13
13 71
71 17
17 91
91 170
170 32
32 24
24 4
4 26
26 7
7 636
636 4
998 0
998 3
998 232
232 1
1 32
32 81
998 5
5 0
998 3
998 2
998 463
463 148
148 20
20 13
13 879
879 368
368 13
13 0
0 27
27 30
998 13
998 7
7 0
0 18
998 5
5 2
998 13
13 0
998 3
3 946
946 483
998 1
998 1
998 13
13 0
998 3
3 946
946 980
980 1
1 478
998 1
998 13
13 0
998 3
3 946
946 241
241 4
4 210
210 6
6 6
6 604
998 39
39 0
0 203
203 935
935 15
15 23
998 2
998 4
4 0
0 214
214 11
998 56
56 71
71 4
4 0
998 3
3 484
484 279
279 30
998 1
998 754
998 39
39 13
13 71
71 13
999 0
0 145
998 4
4 26
26 251
251 128
128 148
148 5
5 0
0 232
232 3
3 178
998 13
998 41
998 202
202 121
998 1
1 317
317 27
27 3
3 0
0 113
998 1
1 0
0 87
87 145
145 121
998 19
19 18
18 6
6 6
6 0
0 311
311 671
671 173
998 1
1 77
77 0
998 3
3 0
0 18
998 478
998 438
998 1
998 332
999 2
998 10
10 302
302 3
3 2
2 946
998 706
706 0
998 420
420 59
59 28
28 387
387 220
220 26
998 55
55 543
543 85
85 105
998 21
21 195
195 24
24 106
106 144
144 10
10 27
27 5
5 36
36 307
307 8
8 14
14 0
0 84
84 57
57 121
999 1
998 98
998 21
21 100
100 3
998 0
998 123
123 337
337 75
998 56
56 75
75 26
26 11
11 3
3 717
999 2
998 432
432 1
998 559
559 10
10 18
998 2
2 266
266 7
7 0
998 3
3 0
998 3
3 169
169 338
999 9
998 10
10 27
999 267
267 0
998 19
998 1
998 0
998 14
14 10
998 2
998 3
998 15
15 2
998 29
998 33
33 236
236 558
558 175
175 23
23 396
396 19
19 10
10 149
149 540
540 1
1 155
155 72
72 14
14 0
0 347
347 3
3 172
172 532
998 1
1 596
998 263
998 13
998 7
7 0
998 39
39 2
998 3
998 17
17 0
0 145
145 149
149 25
25 906
906 301
301 166
166 15
998 34
998 59
59 5
998 34
34 89
998 98
98 108
998 34
998 1
998 4
4 156
999 10
10 5
5 39
39 47
47 156
998 713
713 7
7 0
999 0
0 18
998 17
17 202
202 2
2 688
688 196
196 313
313 532
532 14
998 5
5 192
998 1
998 1
1 98
98 40
40 31
31 547
547 495
998 395
999 34
999 620
998 514
514 18
998 68
68 3
998 38
998 747
747 3
3 653
653 101
998 40
40 1
1 284
284 14
14 47
47 5
5 8
999 9
998 215
215 0
0 219
219 93
93 140
140 28
28 0
0 133
998 2
998 809
809 19
19 0
998 1
998 3
3 0
0 303
303 11
998 68
68 7
7 0
999 432
432 140
140 1
1 140
140 34
34 0
0 440
440 4
4 0
998 1
998 28
28 0
0 93
93 4
4 0
0 126
126 43
43 8
8 12
12 31
31 126
999 9
9 60
60 633
633 9
9 95
95 362
362 169
999 8
998 68
68 498
498 6
6 6
998 148
148 9
9 24
24 60
60 0
0 87
998 3
3 10
10 18
999 13
13 8
8 147
147 295
295 4
4 26
998 4
4 189
189 338
338 1
1 102
102 9
998 611
611 24
24 4
4 827
827 2
2 165
165 49
49 150
150 352
998 260
260 54
54 93
93 170
170 15
15 23
23 197
998 119
119 1
998 47
47 5
5 8
999 9
9 212
212 10
10 18
18 7
998 215
998 98
98 108
108 553
553 7
7 2
2 240
998 509
998 35
35 9
9 12
998 29
29 0
0 57
57 59
59 12
12 368
368 2
2 51
51 48
998 3
3 337
337 4
4 102
102 0
998 651
998 1
1 0
998 7
7 0
998 1
998 7
7 23
998 942
998 44
44 3
3 0
998 36
36 2
998 938
938 6
6 6
6 5
5 8
8 2
998 19
19 117
117 13
13 70
70 118
118 8
999 3
3 257
257 305
998 512
512 4
4 26
26 39
39 11
999 9
9 240
240 100
100 11
11 0
0 855
855 5
5 49
998 7
7 0
998 1
1 7
7 0
998 828
999 47
47 21
21 88
88 361
361 172
172 5
5 47
47 70
70 220
998 17
17 5
5 234
234 49
998 69
69 0
998 11
11 80
80 79
998 172
172 256
256 7
7 1
1 256
256 44
999 240
240 27
27 47
47 5
5 8
999 69
69 99
99 36
998 38
998 7
998 6
6 6
998 21
21 438
998 2
2 244
244 131
131 4
4 102
102 19
19 281
281 38
38 29
29 23
23 197
998 119
998 157
998 1
998 909
999 94
94 49
49 103
103 896
896 49
998 384
384 0
999 8
8 12
998 1
999 47
47 2
2 427
427 3
3 2
2 173
999 9
998 0
0 303
303 377
998 7
7 226
999 10
10 5
5 20
20 2
999 81
81 20
20 53
53 861
861 8
8 6
6 6
998 12
12 39
39 96
96 373
373 4
4 26
26 840
840 6
6 6
998 12
12 589
589 39
39 589
999 9
9 405
405 773
773 14
14 86
86 0
0 280
280 7
7 407
407 79
79 362
362 10
10 912
912 6
6 6
998 12
12 0
0 167
167 13
13 52
52 204
204 5
998 1
998 17
17 15
15 55
999 0
0 857
857 15
15 299
299 12
12 328
999 10
10 5
5 2
998 16
16 35
35 8
8 139
139 137
137 202
202 637
637 11
11 41
41 20
20 166
166 4
998 0
0 84
998 673
673 17
17 11
11 291
291 10
10 12
998 48
48 6
6 6
6 54
54 339
339 436
436 10
10 17
17 191
191 2
2 336
336 32
32 114
114 227
227 191
191 2
999 0
0 197
998 12
12 11
11 9
9 411
411 8
8 96
96 8
8 12
12 466
466 44
998 157
157 29
29 45
45 513
513 53
53 0
998 630
630 65
65 747
747 3
3 240
998 15
15 0
0 84
84 16
16 1
1 53
53 45
45 630
630 11
11 21
21 65
65 4
4 26
26 889
889 4
4 376
376 17
17 202
202 108
998 36
36 7
998 81
81 21
21 100
100 233
998 14
14 138
999 6
6 6
6 2
2 309
309 870
870 19
19 0
998 630
630 9
9 12
12 742
742 4
4 161
161 11
11 584
584 3
3 0
0 630
630 67
67 39
998 7
7 187
187 46
46 67
67 215
215 55
998 29
29 28
28 0
998 67
67 158
158 240
998 32
32 158
158 65
65 2
998 505
505 1
1 67
67 215
215 7
7 48
999 460
460 36
36 54
54 339
339 4
4 100
100 11
11 221
221 49
49 4
4 470
470 69
69 166
166 4
4 0
998 1
1 10
10 16
16 5
5 464
464 7
7 143
998 6
6 6
998 47
47 321
999 0
0 223
223 12
998 20
20 734
734 13
998 13
13 7
7 0
0 84
84 38
38 329
329 16
16 17
17 929
929 3
3 244
244 14
14 0
0 339
999 55
998 371
371 59
59 12
12 2
998 14
14 68
999 2
2 111
111 208
208 17
17 155
155 96
96 610
610 0
0 973
973 3
998 497
497 54
54 339
998 20
20 243
243 2
998 654
654 12
998 14
14 11
11 27
27 6
6 6
6 28
28 7
7 28
28 460
460 130
130 10
10 5
5 2
2 83
83 16
16 14
14 339
339 3
3 97
97 574
574 27
27 191
998 4
4 375
375 92
92 102
102 9
9 340
340 20
20 4
4 26
998 17
17 198
198 65
65 4
998 56
56 1
1 463
463 127
127 0
0 254
254 304
304 2
2 165
165 99
99 11
11 67
67 324
998 69
69 846
846 17
17 320
998 4
4 542
542 0
0 669
669 304
304 10
10 27
999 460
460 130
998 183
183 540
540 148
148 21
21 231
231 161
161 11
11 21
21 343
343 8
8 96
999 401
998 1
998 7
7 63
63 199
199 18
18 6
6 6
6 0
998 673
998 5
5 31
998 156
156 189
189 19
19 2
2 344
344 776
999 59
59 344
344 776
776 21
21 908
999 132
132 0
998 673
673 3
3 257
257 6
6 6
998 43
43 221
221 27
27 149
149 11
11 893
893 5
5 109
109 345
345 3
3 41
998 6
6 6
6 17
17 11
11 147
147 373
373 11
11 10
10 209
209 2
2 48
48 18
999 41
41 670
670 0
0 666
666 3
3 0
998 673
673 13
13 564
564 34
998 1
999 1
1 41
41 82
82 3
3 10
10 11
11 476
476 24
24 4
4 118
118 0
0 61
61 3
3 0
998 673
673 30
30 518
518 4
4 64
64 115
115 491
491 579
579 34
34 6
6 6
6 540
540 29
29 27
27 657
657 9
9 12
12 144
144 10
10 1
1 522
522 441
441 54
54 567
567 10
10 5
5 35
35 818
818 1
1 19
19 153
153 657
657 9
9 12
12 252
252 2
999 72
72 3
3 0
998 5
5 709
709 9
9 373
373 50
998 160
160 56
56 104
998 2
2 197
197 27
27 14
14 301
301 1
1 2
2 390
390 27
27 14
998 724
724 0
0 84
998 70
70 28
28 118
118 11
998 5
5 166
166 4
4 189
189 0
0 197
197 27
999 17
17 11
11 147
147 612
612 8
8 34
34 108
108 620
620 59
998 5
998 7
7 2
999 41
41 20
20 47
47 549
549 41
41 85
85 6
6 6
6 1
1 2
2 870
870 3
998 46
46 22
22 77
77 45
998 630
999 597
597 116
116 21
21 517
517 227
227 321
321 7
7 2
2 18
18 115
998 297
998 864
999 17
17 13
998 630
630 137
137 129
129 22
22 258
258 48
48 1
1 139
998 53
53 0
0 87
87 815
998 6
6 6
6 0
998 577
577 661
661 5
5 83
999 142
998 742
742 11
11 45
45 3
3 0
0 151
151 67
998 4
4 934
934 47
47 15
15 87
87 3
3 92
92 60
60 252
252 104
104 38
38 292
292 400
400 43
43 491
998 5
5 555
998 6
6 6
6 0
0 223
223 5
5 77
77 83
999 34
998 29
29 0
0 365
365 4
4 191
191 28
28 9
9 346
346 31
998 3
998 2
2 606
606 11
11 12
12 642
642 34
34 0
998 673
673 1
1 5
998 72
998 7
7 10
998 0
0 223
223 863
863 68
68 15
15 155
155 4
998 40
998 6
6 6
6 7
7 0
0 126
998 1
998 22
998 101
101 1
1 133
133 8
8 195
195 26
998 11
998 5
5 317
317 31
998 4
4 64
64 92
92 7
7 956
956 244
244 1
998 91
91 35
35 26
26 8
999 41
998 4
4 161
161 101
101 11
11 21
21 39
39 175
175 4
998 57
57 15
15 6
6 6
6 237
237 9
998 4
4 471
471 919
919 6
6 6
6 334
334 93
93 0
998 673
673 5
5 83
83 43
43 841
841 106
106 0
998 673
673 234
234 96
96 105
105 206
999 258
258 43
43 21
21 22
22 203
203 146
146 522
522 88
88 26
26 682
682 221
221 55
55 136
136 149
149 13
13 307
307 0
998 673
673 96
96 105
105 206
998 872
872 24
24 8
998 32
32 24
24 4
998 15
15 99
99 36
998 115
998 63
998 1
1 357
357 3
3 92
92 22
998 2
998 934
998 4
998 15
15 101
101 619
619 7
998 4
4 97
998 38
998 32
32 417
417 7
7 31
998 3
3 787
998 1
999 17
17 4
4 94
94 2
2 48
48 16
16 21
21 24
24 4
998 4
998 0
998 33
33 22
22 0
998 33
33 22
998 15
998 1
998 2
998 948
948 280
280 33
33 5
999 35
35 21
21 66
998 15
15 2
2 162
162 33
33 474
474 4
4 361
361 2
2 776
776 3
998 418
418 33
33 7
7 199
199 687
998 23
998 10
10 5
998 2
998 16
16 38
38 96
998 14
14 2
2 917
917 303
999 46
46 22
22 51
51 165
165 151
151 33
33 66
998 0
998 1
998 36
998 21
21 7
7 23
998 1
1 102
102 86
998 1
998 0
998 50
50 23
998 7
998 15
15 169
169 685
685 3
998 29
29 86
998 23
23 570
570 5
998 23
998 5
5 13
998 2
2 134
134 21
21 66
66 74
74 7
998 5
5 0
998 280
280 33
998 4
4 0
0 164
164 397
397 3
3 110
110 59
59 5
5 2
998 7
998 103
999 0
0 552
998 5
5 31
998 168
168 3
998 15
15 606
998 7
7 14
14 0
998 202
202 904
904 99
99 504
998 2
2 599
599 17
17 278
998 3
998 10
998 122
122 14
999 28
28 291
291 1
1 224
224 10
10 5
5 27
27 48
48 16
998 14
14 322
998 7
998 17
17 0
998 5
5 19
19 1
1 25
25 185
185 161
161 2
999 25
998 11
998 185
185 94
94 2
998 137
137 44
44 4
998 15
15 86
998 297
297 56
56 0
998 17
17 192
192 341
341 24
24 45
998 7
998 6
6 6
6 10
10 5
5 27
27 3
3 143
998 7
998 15
15 197
197 706
998 223
998 537
537 1
1 342
342 4
4 978
998 14
14 0
0 197
197 281
281 43
43 21
21 36
36 11
11 425
425 3
3 149
149 59
59 9
9 88
999 54
54 283
283 428
428 15
15 129
129 581
581 3
3 99
99 5
5 317
317 0
0 223
999 9
9 36
36 28
998 3
3 223
223 34
998 4
998 410
410 17
998 119
998 7
998 57
57 15
998 29
29 0
0 126
126 3
3 169
998 684
684 54
998 3
999 10
10 12
12 415
415 30
30 0
998 757
757 3
998 1
998 451
451 19
19 2
2 364
364 3
998 519
519 1
1 133
133 0
0 112
112 5
5 174
998 0
0 668
668 22
22 794
998 104
998 14
14 450
450 22
998 88
998 0
0 112
112 1
998 19
19 0
998 1
1 22
22 77
998 43
43 11
11 425
425 3
3 149
998 21
999 46
46 22
22 60
60 104
104 879
998 26
26 2
2 728
998 30
998 20
998 13
13 21
21 231
231 517
517 1
1 859
859 184
184 320
998 0
998 30
998 17
17 21
21 24
24 4
4 859
859 140
140 104
104 615
615 4
4 74
74 4
4 92
999 0
998 5
5 2
2 178
998 720
720 2
998 232
232 25
25 77
998 174
174 71
71 1
1 53
998 2
2 111
111 1
1 5
998 15
15 0
0 204
204 216
999 0
0 696
696 115
115 0
0 104
104 3
3 92
998 4
998 14
14 0
0 308
308 5
5 2
998 34
34 28
28 0
998 1
998 3
999 439
439 3
998 195
998 10
10 17
17 7
7 54
54 656
656 2
2 614
614 42
42 4
4 81
81 138
138 49
49 69
69 39
39 18
18 0
0 864
864 119
999 9
9 66
66 124
124 362
362 84
84 307
307 10
10 19
19 254
999 9
9 412
412 259
998 375
375 8
8 19
999 9
9 65
65 4
4 199
199 8
999 2
2 171
171 3
3 0
0 470
470 75
75 26
26 404
404 19
998 17
17 193
193 8
8 2
2 137
999 6
6 6
6 230
998 0
0 141
141 3
3 0
998 201
998 1
998 24
24 801
801 19
19 4
998 1
1 122
999 176
998 803
998 42
42 389
998 19
19 0
0 680
680 254
254 201
998 3
999 406
406 25
25 124
998 56
56 28
28 23
998 82
82 25
25 5
5 96
998 6
6 6
6 77
77 0
0 310
998 24
24 230
230 616
998 1
1 141
141 7
999 0
998 3
998 3
3 0
0 141
141 3
3 0
998 757
757 1
998 136
136 13
13 9
9 58
58 193
193 21
21 27
27 3
3 54
998 17
17 198
198 60
60 182
182 1
1 21
998 53
998 7
7 0
0 181
998 63
63 470
470 6
6 6
6 0
998 18
998 77
998 63
63 807
998 18
18 0
998 90
90 68
68 81
81 8
8 59
59 75
75 26
26 616
616 388
388 7
998 6
6 6
6 28
28 56
56 43
43 21
21 88
88 161
161 129
129 472
472 157
157 91
91 21
21 66
66 39
998 127
999 7
7 2
2 57
57 3
998 1
998 2
998 752
998 1
1 23
23 449
998 33
33 443
443 7
7 0
998 3
998 1
1 474
474 4
998 0
998 3
3 965
998 30
30 0
0 673
998 17
17 50
50 23
23 298
298 570
998 42
42 73
998 30
998 2
998 752
998 220
998 37
37 1
1 220
998 34
34 649
649 125
125 0
0 180
180 1
1 0
998 15
15 0
0 327
327 3
3 31
998 752
998 6
6 6
6 2
998 224
224 1
1 311
998 937
998 11
998 417
417 151
151 15
15 725
998 125
125 92
998 41
998 329
329 113
113 16
16 60
60 15
15 312
998 108
108 593
593 27
27 1
998 108
108 844
844 1
998 108
999 41
41 423
423 122
122 69
69 23
23 632
632 180
180 38
998 3
3 0
998 0
998 5
998 30
998 1
1 0
0 725
725 42
42 48
998 1
1 221
221 77
77 2
998 14
14 0
0 472
472 6
6 6
6 9
9 531
531 369
369 10
10 16
16 4
4 937
937 1
1 725
998 258
258 0
0 156
998 287
287 34
998 6
6 6
6 77
998 0
0 323
998 0
0 453
998 0
998 0
998 3
998 727
998 3
998 751
998 3
3 0
998 0
998 0
998 3
3 0
998 0
998 7
7 0
998 3
998 673
998 0
998 934
934 3
3 0
0 673
998 312
998 1
1 0
998 3
3 0
998 0
0 228
998 0
0 973
973 3
998 0
998 3
998 893
998 0
998 3
998 1
1 0
998 3
3 965
999 2
2 177
177 879
879 16
16 3
3 0
998 710
710 4
998 7
7 11
11 8
8 380
380 31
998 107
107 280
280 7
7 10
10 407
407 2
998 184
184 2
2 222
222 4
4 0
0 657
657 3
998 33
998 7
7 0
0 60
998 232
232 198
198 106
106 86
86 193
193 7
7 2
2 214
214 13
13 2
2 131
131 602
602 117
117 5
998 1
1 33
998 4
4 350
350 23
998 351
351 4
998 19
19 143
143 33
33 24
998 86
999 406
406 10
10 5
5 27
27 3
3 143
143 99
99 115
115 177
177 72
998 5
998 35
35 11
11 21
21 75
998 50
50 32
32 823
823 1
1 62
62 0
998 3
3 151
998 505
999 412
412 26
26 122
122 29
29 720
720 0
0 18
18 31
31 814
814 3
998 6
6 6
998 107
107 5
998 1
1 25
25 5
5 423
423 0
0 87
87 216
216 149
149 40
40 0
0 16
16 31
998 33
33 5
998 15
15 299
998 223
999 50
50 0
0 690
998 184
184 19
19 23
998 3
998 390
998 34
34 0
0 690
998 13
998 14
14 23
998 1
1 23
23 454
454 207
207 992
992 4
4 2
998 23
998 308
998 25
25 262
262 19
19 0
998 7
7 0
998 2
2 879
998 3
998 0
998 115
115 25
998 0
998 98
998 3
3 63
999 27
998 490
490 21
21 66
66 296
296 133
133 144
998 5
5 4
4 266
998 19
19 59
998 75
998 0
998 184
184 0
998 6
6 6
6 28
28 7
7 28
28 51
51 693
693 1
998 17
17 75
75 62
62 26
26 2
2 171
171 3
3 244
244 14
14 439
439 3
3 129
998 3
3 99
999 532
532 14
14 31
998 134
134 10
998 776
776 937
937 42
42 2
2 244
244 1
998 3
998 11
998 89
89 93
93 78
78 0
0 303
303 13
13 71
71 13
13 2
2 783
783 11
998 10
998 353
999 532
532 14
14 27
27 3
3 0
0 647
998 135
135 11
11 147
147 210
210 617
998 1
1 714
714 44
44 3
998 15
15 0
998 3
3 0
0 347
347 3
3 0
0 16
16 10
998 712
998 42
42 2
2 83
998 235
235 1
1 0
0 550
998 1
1 0
0 464
998 194
194 609
998 135
135 1
1 0
998 470
470 5
5 71
71 224
999 7
7 0
998 3
3 0
998 10
998 3
998 1
1 114
114 5
998 44
44 3
3 741
741 380
999 7
7 10
10 18
18 70
70 24
24 0
998 4
4 64
64 47
47 551
551 4
998 1
998 7
7 0
0 18
18 50
50 32
32 22
22 20
20 595
595 59
59 5
5 2
2 171
999 10
10 18
18 53
53 262
262 141
141 4
4 154
998 1
998 39
39 98
98 0
998 3
999 6
6 6
6 174
174 278
278 4
4 0
0 84
84 18
998 673
673 38
998 673
673 7
7 80
998 5
5 2
2 157
157 432
998 1
998 18
18 38
38 730
730 43
43 191
191 47
47 21
21 175
175 4
4 664
664 8
999 2
998 3
998 1
998 14
14 21
21 6
6 6
6 133
998 1
998 22
22 144
144 2
2 18
18 29
29 0
0 431
431 15
15 2
998 1
998 24
24 31
998 3
3 47
47 213
213 3
3 0
998 673
673 32
32 22
22 166
166 4
4 365
365 144
144 13
998 474
474 4
4 137
137 4
4 0
0 168
168 50
50 25
25 1
998 210
210 7
7 1
998 474
474 4
4 137
137 141
141 4
4 0
0 440
999 32
32 24
24 2
2 51
998 3
3 144
144 0
0 18
18 3
3 63
63 199
199 61
61 59
59 5
5 47
999 8
8 495
495 15
998 84
84 338
338 6
6 6
6 14
14 249
249 15
15 2
2 48
48 274
274 3
998 33
33 411
411 0
0 84
84 103
103 3
3 39
39 40
40 97
97 574
574 343
998 673
999 71
71 9
998 10
10 16
16 1
1 251
251 44
44 8
999 8
8 5
5 40
40 11
11 218
218 15
15 0
998 1
1 0
0 167
167 366
998 7
7 0
0 218
218 91
91 0
0 632
632 488
488 260
260 15
15 23
23 366
366 381
381 1
1 25
998 4
4 189
189 2
998 4
998 1
1 887
887 176
176 1
1 887
887 16
16 1
1 91
91 25
998 23
23 331
331 4
4 189
189 86
86 4
4 2
2 502
998 1
1 317
998 505
505 505
505 505
999 32
32 137
137 4
4 11
11 508
508 59
59 55
55 27
27 118
118 8
998 1
1 0
0 87
87 598
598 149
149 5
5 11
11 0
0 16
16 613
613 1
1 241
241 21
21 88
88 376
376 47
47 5
5 11
11 16
999 9
9 24
24 106
106 105
105 721
721 99
99 17
17 11
11 12
12 0
0 242
998 8
8 147
147 24
24 2
998 29
29 28
28 1
1 9
9 633
633 9
9 152
152 64
64 8
999 9
9 158
158 65
65 174
174 322
998 166
166 78
78 10
10 16
16 35
35 9
9 544
544 47
47 12
12 336
336 15
15 2
998 3
998 1
998 14
14 0
0 113
999 40
40 3
3 0
0 93
93 140
140 0
0 18
18 9
9 317
317 65
65 4
4 193
193 56
56 174
174 317
317 0
0 16
16 5
5 2
998 3
3 520
998 14
14 55
998 272
272 1
1 41
41 28
999 9
9 114
114 99
99 11
11 94
94 21
21 100
100 17
17 10
10 16
16 12
12 39
39 2
2 733
733 3
3 970
998 289
289 1
1 109
109 62
998 6
6 6
6 88
88 100
100 41
41 604
998 13
13 45
45 58
58 24
24 21
21 259
259 8
8 5
998 778
778 11
998 80
80 69
69 45
999 637
637 41
998 4
998 0
0 187
187 221
221 55
998 112
112 38
38 61
61 5
5 39
39 2
998 38
998 132
132 21
998 0
0 615
615 7
7 0
0 18
999 0
0 110
110 12
12 48
48 17
17 11
11 546
546 580
580 560
560 3
3 61
999 9
9 81
998 15
15 0
0 27
27 894
998 41
41 36
36 108
108 7
7 45
45 80
998 418
418 133
133 491
491 19
998 7
7 80
80 687
687 155
155 160
160 274
999 9
9 411
411 0
998 838
838 4
4 10
10 18
18 59
59 5
5 47
998 68
68 4
998 8
8 44
44 17
17 0
0 428
428 9
9 916
916 251
251 5
5 11
11 27
27 177
177 72
72 672
672 767
767 166
166 4
4 569
569 724
724 0
0 84
84 226
226 0
998 75
75 210
210 34
34 486
486 0
998 1
1 189
189 125
998 6
6 6
6 46
46 5
5 55
55 145
145 969
969 59
59 5
5 464
464 17
17 0
0 462
998 147
147 94
94 2
2 83
83 837
837 3
3 274
274 334
334 85
85 66
66 52
52 26
998 15
998 1
998 14
14 0
0 219
219 18
18 43
43 430
430 31
31 433
998 34
34 699
699 0
999 6
6 6
998 0
0 135
135 699
699 0
998 67
998 50
50 32
32 84
998 1
1 0
998 566
566 5
5 77
998 919
919 17
998 10
10 179
179 4
4 26
26 2
2 18
18 7
998 3
3 2
2 61
61 38
38 2
2 49
998 225
998 814
814 716
716 814
814 1
1 125
125 0
0 410
410 610
610 471
998 14
14 226
226 120
120 20
20 62
62 642
642 8
8 7
7 187
187 8
8 207
207 174
174 736
999 54
54 283
283 428
428 15
15 0
0 18
18 5
5 11
11 8
8 262
262 19
19 96
96 205
999 80
80 91
91 11
11 41
41 177
177 48
999 703
998 290
290 2
2 330
998 33
33 5
5 40
40 4
4 74
74 992
992 140
140 31
998 5
5 2
998 245
245 33
33 207
207 992
992 4
999 32
32 417
417 15
998 331
331 19
19 2
998 1
1 32
32 22
22 386
386 177
177 76
999 50
50 25
25 401
401 207
207 45
45 269
269 4
4 785
785 45
45 49
998 2
998 1
1 155
155 5
998 380
380 4
4 418
998 30
998 486
486 29
29 84
999 50
50 32
32 542
542 1
998 29
29 508
508 32
32 161
161 11
11 63
63 22
22 55
998 1
1 32
32 22
22 424
424 127
127 69
69 154
999 32
32 53
53 100
100 40
998 63
998 570
570 13
13 2
998 14
14 45
45 269
269 17
998 420
420 8
999 50
50 2
2 733
733 3
3 79
79 365
998 0
0 508
508 0
998 119
119 56
56 1
1 365
998 79
999 703
998 120
120 2
2 48
48 285
285 1
998 2
2 329
329 804
804 14
14 10
10 16
999 10
10 16
16 109
109 90
90 8
8 4
998 7
7 255
998 35
35 50
50 8
8 850
998 19
19 287
287 9
9 12
12 27
27 3
3 0
0 84
84 4
4 861
861 8
999 14
14 276
276 9
9 139
998 4
4 0
998 1
998 19
19 10
10 27
27 6
6 6
6 455
455 0
0 311
311 359
359 56
56 3
3 151
151 0
0 16
16 12
12 51
999 9
9 66
66 64
64 146
146 132
132 8
8 421
421 782
782 4
4 385
999 6
6 6
6 9
9 65
65 200
200 11
11 15
998 1
998 8
8 95
95 24
24 45
999 28
28 24
24 224
224 372
372 159
159 7
7 0
0 483
999 6
6 6
6 0
0 16
16 12
12 590
590 740
740 1
1 109
998 68
68 7
999 9
998 4
998 72
998 14
14 0
0 101
101 1
1 65
65 4
4 533
533 0
998 4
998 39
39 4
4 74
74 4
4 0
0 126
999 6
6 6
6 9
9 81
81 20
20 369
369 10
10 18
18 53
53 43
43 21
21 22
22 522
522 3
998 8
8 14
14 60
60 14
14 809
999 8
8 504
998 53
53 11
998 478
998 33
33 65
65 2
998 168
168 7
7 0
0 344
344 0
998 5
5 0
0 84
84 402
402 7
7 0
998 4
4 891
891 11
11 221
998 7
7 23
23 390
390 508
999 20
20 39
39 97
998 337
337 21
21 17
998 445
998 91
998 30
998 427
998 33
33 124
124 60
60 137
137 13
13 816
816 13
13 2
998 59
59 209
209 11
998 17
17 9
999 55
55 27
27 75
75 259
259 86
86 29
29 84
84 17
17 32
32 75
999 441
441 406
406 32
32 75
75 6
6 6
6 589
589 445
998 22
22 203
203 739
998 1
1 203
998 13
998 888
888 7
7 0
999 35
35 0
998 3
3 8
8 28
28 5
5 174
998 34
34 0
0 74
74 137
999 0
0 499
499 5
5 244
244 625
625 140
140 1
1 5
5 3
3 0
0 35
35 76
76 11
11 41
41 48
999 9
998 11
11 32
998 44
44 11
11 10
10 12
998 0
0 16
16 13
998 4
998 0
998 490
490 38
998 0
0 80
80 442
999 236
236 20
998 3
3 144
144 8
8 49
49 69
69 276
276 1
998 8
8 532
532 14
14 382
382 2
2 240
998 490
999 162
998 5
5 49
998 624
624 14
14 23
23 922
922 103
998 79
79 59
998 1
998 59
59 5
5 174
174 845
845 0
998 76
76 16
16 121
121 90
90 6
6 6
6 809
998 275
275 835
835 2
2 6
6 6
6 54
998 6
6 6
6 287
998 2
998 14
14 10
10 16
998 9
9 118
118 41
41 21
21 834
998 28
28 143
143 55
55 181
181 19
19 54
54 711
999 206
999 85
85 105
105 79
79 116
116 21
21 24
24 4
998 4
4 327
327 21
21 44
44 128
999 88
88 21
21 24
24 227
227 122
122 4
4 81
81 36
36 163
163 29
29 600
600 7
7 0
998 28
28 256
999 6
6 6
998 564
998 11
11 10
10 12
12 0
0 113
113 16
16 198
198 106
106 230
999 11
11 177
177 72
72 536
536 8
8 28
28 1
998 13
13 2
998 6
6 6
6 47
47 22
22 0
998 14
14 2
998 1
1 27
27 11
11 75
998 21
21 109
998 21
21 831
831 0
998 3
3 192
998 1
999 0
998 393
393 2
2 614
998 577
998 910
910 1
1 31
998 838
838 6
6 6
6 354
354 5
5 377
377 3
998 10
10 72
72 70
70 118
999 7
7 187
187 734
734 305
305 30
998 42
42 4
4 26
26 31
998 7
7 354
999 132
132 58
58 249
249 175
175 4
4 493
999 14
14 0
0 512
999 71
71 43
43 320
320 974
974 190
190 4
4 259
259 47
47 32
32 361
361 21
21 7
7 63
998 1
998 42
42 0
998 3
3 92
92 28
999 10
10 5
5 174
174 31
999 4
4 26
998 30
998 1
1 241
241 4
998 4
4 410
410 92
92 28
998 6
6 6
6 0
0 16
16 36
36 28
28 37
998 5
5 31
998 782
782 44
44 3
3 601
999 169
169 134
998 5
5 7
7 5
999 17
17 13
13 8
8 11
998 190
190 52
998 2
2 219
219 733
733 3
998 668
668 21
21 118
118 0
0 238
238 11
998 0
998 0
998 1
1 0
998 3
3 10
10 180
180 4
998 255
998 14
998 146
999 39
39 14
14 11
11 52
52 977
977 20
20 27
27 17
998 644
998 37
37 6
6 6
6 0
0 838
998 56
56 13
13 2
2 131
131 4
998 4
4 398
398 2
998 905
905 36
36 2
998 211
999 940
940 34
34 8
8 108
108 2
998 0
0 557
557 428
428 5
5 11
998 147
147 163
163 36
36 2
2 246
246 862
862 120
120 52
52 163
163 36
36 2
2 131
131 7
7 187
187 142
142 20
20 53
53 243
243 430
430 399
999 0
0 93
93 52
52 263
263 7
7 10
10 16
16 71
71 8
8 546
546 26
998 7
7 687
998 835
999 263
263 36
36 2
998 30
999 52
52 263
263 49
998 69
69 478
998 7
7 0
0 318
999 52
52 263
263 506
506 6
6 6
6 0
0 668
999 32
32 90
90 68
999 555
998 66
66 21
21 813
813 68
998 36
36 2
998 650
998 7
999 1
998 308
308 611
998 0
0 730
998 0
0 934
934 3
3 0
998 6
6 6
6 116
116 21
21 118
118 11
998 252
252 2
998 388
388 19
19 7
7 37
37 605
605 17
998 37
37 337
337 50
50 32
32 564
564 37
37 37
37 577
577 231
231 634
999 66
66 21
21 259
259 11
999 52
52 139
139 24
24 224
224 8
999 867
867 104
998 15
15 27
998 191
191 47
47 8
8 58
58 24
24 73
73 6
6 6
6 43
43 320
320 900
900 7
7 869
869 54
998 3
998 1
1 80
80 354
998 68
68 30
998 6
6 6
6 139
998 401
401 137
137 78
998 406
406 38
38 55
999 0
998 168
168 12
12 947
947 4
998 19
19 0
998 3
3 0
998 3
3 0
0 167
167 396
396 133
133 0
998 737
998 7
7 15
998 3
3 0
0 256
999 186
186 455
455 0
998 173
173 1
1 45
45 48
48 225
225 970
970 0
0 16
998 353
353 14
14 45
45 226
999 41
41 2
998 358
358 28
28 0
0 93
999 767
767 866
866 4
998 0
0 330
330 358
998 5
5 45
998 258
258 34
998 162
999 2
2 165
998 641
641 14
14 450
450 58
58 24
998 0
998 3
998 706
999 2
998 36
998 231
231 24
24 224
224 138
138 15
15 0
998 790
790 17
998 8
8 13
13 39
39 153
999 96
96 76
76 11
998 762
998 416
416 147
147 159
159 128
128 579
579 617
617 13
998 1
998 29
29 0
0 167
167 57
998 805
998 262
262 125
125 0
0 410
410 13
13 2
999 674
998 5
5 55
998 162
999 17
17 841
841 182
182 4
4 535
535 8
8 4
4 11
998 111
111 593
998 33
998 37
37 214
214 15
998 1
999 96
96 76
76 52
52 273
273 7
999 54
998 8
8 871
871 320
320 78
78 627
998 33
33 81
81 155
155 321
321 17
998 141
998 7
7 762
998 181
999 9
9 12
998 150
150 164
164 50
50 9
9 212
212 10
10 16
999 9
9 846
846 2
2 171
171 3
3 208
999 230
998 34
34 156
156 754
754 12
998 7
998 9
998 0
0 16
16 13
999 8
8 12
12 35
35 348
998 9
998 11
11 10
10 12
12 39
39 591
591 115
115 2
2 659
998 23
23 314
999 9
9 373
373 618
618 21
21 81
81 10
998 1
1 21
21 994
994 14
999 8
8 5
5 49
49 91
91 150
150 575
575 17
17 9
9 237
237 124
998 11
11 9
9 427
427 54
54 57
57 15
15 10
10 18
999 10
10 5
5 2
998 14
998 1
998 37
37 15
998 315
999 17
17 91
91 32
32 139
139 752
752 0
0 18
998 1
998 37
999 142
142 773
773 9
9 65
65 322
998 14
14 10
10 16
999 459
459 8
8 12
12 96
96 205
205 96
998 1
1 96
96 794
794 4
998 54
54 676
999 50
50 9
998 0
0 219
219 16
16 12
12 826
826 60
60 40
40 31
31 889
889 229
998 23
23 938
938 9
9 405
998 8
8 95
95 24
24 73
73 2
998 4
4 694
694 172
172 78
78 138
998 138
138 49
998 6
6 6
6 35
35 88
88 785
785 2
998 38
38 476
476 26
26 619
619 4
4 0
0 347
347 669
999 54
54 339
339 152
152 343
343 8
8 334
998 71
999 2
2 16
16 90
90 14
998 303
999 0
998 74
74 4
4 64
64 47
47 32
32 175
175 4
4 64
999 208
208 211
211 457
457 1
1 3
3 257
998 135
135 13
13 71
999 10
10 5
5 20
20 594
594 2
2 16
16 11
11 27
27 58
58 235
998 144
144 15
15 422
422 218
999 8
8 209
209 14
14 501
501 3
3 461
999 9
9 65
65 4
4 816
816 963
963 174
174 2
2 593
593 3
3 135
135 6
6 6
6 43
43 8
8 5
5 39
39 702
702 21
21 22
22 284
284 14
14 91
91 10
10 16
16 42
42 8
8 28
999 0
0 668
668 22
999 2
998 358
358 9
9 220
220 738
738 6
6 6
6 186
186 0
0 723
723 3
3 0
0 16
16 5
5 20
999 8
998 19
19 0
0 313
313 3
999 11
11 5
5 43
43 21
21 81
81 48
48 21
21 75
75 74
74 48
999 1
1 43
43 21
21 81
81 433
433 21
21 75
75 74
74 433
999 0
998 3
3 48
998 5
5 48
48 133
133 0
998 3
3 433
433 5
5 433
999 6
6 6
6 7
7 145
145 117
117 10
10 5
5 20
20 204
204 278
999 8
8 5
998 11
11 87
87 79
79 81
81 20
20 74
998 7
7 10
10 180
999 133
133 8
8 5
5 278
278 11
11 45
45 433
433 79
79 81
81 877
877 15
15 31
31 433
433 126
126 46
46 22
22 105
105 33
999 1
1 91
91 46
46 22
22 105
105 79
79 33
33 81
81 48
48 1
1 241
241 7
7 934
934 32
32 877
877 15
15 2
2 773
773 126
126 6
6 6
6 43
43 21
21 88
88 447
447 40
40 0
0 723
723 1
1 28
28 21
21 175
175 5
5 31
998 34
998 621
621 10
10 16
16 5
5 31
999 3
3 0
0 292
998 3
3 10
10 112
112 9
9 36
36 92
92 28
28 9
9 24
24 28
28 292
292 19
998 1
1 7
998 24
24 2
998 3
3 10
10 27
27 19
19 287
999 46
46 5
5 39
39 190
998 7
7 0
998 4
4 94
94 28
28 292
292 432
432 1
999 7
998 42
42 97
97 80
80 18
18 73
998 292
292 206
206 15
15 136
136 28
28 325
998 7
7 248
999 3
3 257
257 0
0 283
283 380
380 7
7 10
10 27
27 22
22 83
83 17
17 0
0 671
671 151
151 22
22 77
77 881
999 9
9 555
555 36
36 983
998 13
999 25
25 12
12 136
136 2
2 134
998 11
11 9
9 24
998 4
4 161
161 80
80 99
99 25
25 5
5 7
999 25
998 7
7 105
105 17
17 87
87 22
22 20
999 13
13 0
0 80
80 761
761 9
9 77
77 130
130 785
785 10
10 27
998 9
9 24
24 624
999 8
8 75
75 60
60 26
26 763
763 7
7 197
998 4
4 26
26 243
999 8
8 5
5 27
27 3
3 143
143 103
103 35
998 11
11 8
8 160
160 55
55 274
274 47
47 35
35 121
121 532
532 4
4 0
0 162
999 9
9 764
764 143
999 1
1 28
28 3
3 143
998 79
79 340
998 4
4 161
998 7
7 47
47 5
998 6
6 6
6 46
46 12
12 55
55 112
112 55
55 61
61 55
998 55
998 1
1 155
998 38
38 53
999 4
4 68
68 8
8 12
12 2
2 733
733 3
3 135
998 289
289 11
11 65
65 155
155 4
4 81
81 15
15 27
27 153
153 1
1 67
67 28
28 14
14 119
119 4
4 119
119 85
998 1
998 32
32 95
95 74
999 8
8 12
12 31
31 562
562 29
29 241
241 153
998 18
18 17
998 0
0 935
935 19
19 169
169 657
998 592
999 91
91 0
0 885
999 9
9 12
998 14
14 8
8 4
4 94
94 274
999 9
9 12
998 14
14 0
0 48
48 168
999 9
9 199
199 40
998 103
103 7
7 54
54 287
998 105
105 3
3 59
59 95
998 26
26 481
481 512
512 310
310 103
999 10
10 75
75 20
20 26
998 92
999 21
21 75
75 26
26 51
998 29
29 600
600 14
998 4
4 64
64 10
10 18
18 72
72 324
324 121
998 8
8 19
19 287
999 10
10 5
5 2
2 197
998 184
184 98
98 0
998 718
718 196
999 10
10 730
730 209
209 734
734 13
13 244
244 13
13 168
168 27
27 1
1 8
8 294
998 96
96 72
72 57
57 19
19 112
112 911
998 5
5 124
124 0
0 113
113 149
149 40
40 10
10 201
201 17
17 23
998 5
998 184
184 7
7 10
999 0
0 342
342 22
22 28
998 17
17 10
10 57
57 0
0 225
998 172
172 184
999 0
0 208
208 5
998 1
1 0
0 112
112 5
5 60
998 216
216 35
35 9
9 346
346 747
747 3
3 682
682 899
899 7
7 636
636 4
4 759
998 304
304 2
998 16
999 459
459 0
0 899
899 22
22 165
165 1
1 234
234 194
194 1
1 35
35 10
10 18
18 5
998 29
29 113
999 10
10 5
5 27
27 3
3 292
292 181
181 99
99 11
11 9
9 66
66 100
100 3
3 11
11 67
998 29
29 0
0 57
57 1
1 459
459 124
999 27
27 3
3 0
0 387
387 12
998 524
524 30
998 2
2 16
998 667
667 4
998 853
853 683
999 153
153 58
58 26
998 59
998 68
68 13
13 625
998 83
83 17
17 20
20 734
734 13
13 76
76 13
13 0
0 829
829 198
198 106
998 310
310 5
5 71
71 282
282 123
123 57
57 1
1 9
9 100
100 11
11 8
8 5
5 27
27 3
3 143
143 51
998 103
103 11
11 75
75 39
998 7
7 123
998 14
14 234
998 69
69 21
21 231
231 100
999 9
9 373
373 150
150 98
98 198
198 106
106 8
8 1
1 9
9 124
124 193
193 8
8 45
998 138
138 11
11 9
9 231
231 24
24 106
998 575
575 42
42 801
801 78
78 0
999 9
9 24
24 241
241 4
4 319
319 2
998 711
711 3
3 10
10 16
999 9
9 468
468 9
9 220
220 24
998 138
999 0
0 440
440 5
998 0
0 292
292 283
283 101
101 877
877 521
521 29
29 308
308 7
7 31
31 878
998 1
998 248
248 80
80 15
998 519
999 191
191 0
0 113
113 168
999 98
98 0
0 292
292 137
137 63
998 743
743 0
0 18
998 78
78 292
999 191
191 50
998 706
706 7
999 423
423 0
998 15
15 0
998 33
33 94
998 44
44 3
998 5
5 29
29 84
84 31
31 809
809 623
999 459
459 0
0 162
998 10
10 27
27 4
4 333
333 53
998 2
998 112
112 359
359 11
11 798
998 7
7 815
998 359
359 2
999 43
43 21
998 34
998 656
656 8
8 7
998 1
1 21
21 75
75 24
24 2
2 48
48 308
999 253
253 0
998 3
3 286
998 19
19 10
10 894
894 756
756 0
0 80
80 14
14 10
10 16
16 5
5 477
477 9
9 235
235 11
11 9
9 24
24 4
4 130
130 138
138 40
40 10
10 27
999 9
9 237
237 20
20 0
0 238
238 3
998 33
998 676
676 4
4 358
998 771
771 38
38 514
514 110
110 910
999 186
186 9
998 11
11 10
10 16
999 9
9 88
88 118
118 132
132 9
9 88
88 36
36 8
999 9
9 373
373 8
8 42
42 215
215 277
277 9
9 175
175 44
44 3
3 2
2 188
188 16
16 529
998 470
470 505
998 4
4 10
998 8
8 139
139 26
26 54
54 494
999 124
998 5
5 2
998 16
16 6
6 6
6 46
46 22
22 39
39 96
96 105
105 176
176 11
998 21
21 4
998 29
29 0
0 281
999 36
36 50
50 0
0 245
245 863
863 0
998 229
229 50
50 63
63 509
998 184
184 4
4 161
998 10
998 155
155 35
35 88
999 52
998 78
78 47
47 9
9 64
64 13
13 31
998 38
38 138
999 116
116 52
52 20
20 64
64 11
11 46
46 12
12 2
998 7
7 0
0 746
746 3
3 0
999 406
406 430
430 284
284 14
998 1
998 56
56 2
999 132
998 52
52 474
474 4
4 118
118 132
132 0
0 79
79 33
33 684
684 46
998 0
0 266
266 5
998 504
998 37
37 50
50 52
998 44
44 5
998 46
999 441
441 10
10 5
5 39
39 2
2 111
998 408
408 3
3 0
0 197
197 426
426 142
998 6
6 6
6 46
46 5
5 2
2 272
272 148
148 132
132 9
9 497
497 10
10 18
18 49
49 69
69 325
999 41
41 27
27 3
3 143
143 99
99 115
115 43
43 21
21 831
831 85
85 76
76 8
8 62
62 5
5 36
36 9
9 24
24 2
2 165
165 206
206 476
476 175
175 4
4 102
102 8
8 170
170 82
82 41
41 39
39 35
998 7
7 169
999 9
9 481
481 8
8 529
529 7
7 0
0 84
998 17
17 10
10 16
16 42
42 55
55 529
529 8
8 42
42 31
998 3
3 596
999 77
77 8
8 42
42 177
177 887
998 7
7 8
8 13
13 71
71 2
998 15
15 31
998 535
999 1
1 2
998 418
418 4
4 396
396 39
39 104
104 6
6 6
6 21
21 118
118 50
50 21
21 340
340 4
4 100
100 3
3 0
0 242
242 1
998 99
99 121
121 90
90 1
1 21
21 210
210 56
56 15
15 181
998 99
999 9
9 259
259 11
998 1
1 99
99 36
36 8
8 139
139 410
410 143
999 8
8 42
42 28
28 0
0 760
998 15
15 0
998 3
3 0
998 19
19 0
998 1
1 35
35 19
999 10
10 5
5 0
998 3
3 0
0 181
999 133
133 9
9 504
504 130
130 11
11 10
10 5
5 2
2 427
427 3
3 269
269 43
43 21
21 175
175 4
4 785
785 8
8 39
39 517
517 0
0 51
51 242
999 1
1 50
50 21
21 161
161 44
44 11
11 979
979 0
0 242
242 5
998 8
8 504
504 26
26 28
28 11
11 76
999 21
21 231
231 158
158 36
36 8
8 142
142 20
20 637
637 191
998 6
6 6
6 88
88 100
100 9
9 764
764 10
10 16
16 9
9 88
88 62
999 441
998 181
999 867
998 842
999 116
116 9
9 39
998 54
999 27
27 3
3 0
998 19
998 561
561 13
13 0
0 418
418 3
3 2
2 824
999 0
998 3
3 0
0 201
201 4
4 26
998 41
41 845
845 0
0 217
217 3
3 0
0 516
999 221
221 2
998 235
235 456
456 15
15 28
998 19
998 790
999 10
10 5
5 234
234 34
34 0
0 521
998 17
998 561
999 22
22 28
28 793
998 241
241 20
20 336
336 0
998 3
3 2
2 225
998 4
4 63
998 6
6 6
6 87
87 3
3 0
998 22
998 240
240 69
998 13
998 607
607 22
999 35
35 11
11 294
294 3
3 0
998 629
629 1
1 701
998 43
43 21
21 88
88 161
161 0
0 962
962 157
157 7
7 0
0 84
84 266
266 320
998 15
15 8
8 14
14 87
87 3
3 0
0 18
999 129
998 112
998 14
14 55
55 48
48 272
998 11
11 233
998 383
383 1
998 7
999 36
36 0
998 708
708 0
0 219
219 149
149 732
732 49
998 69
69 7
7 80
80 99
99 1
998 7
7 173
173 583
998 10
10 737
998 0
998 1
998 14
998 1
998 4
998 0
999 7
7 187
187 0
0 625
998 201
201 3
998 1
1 884
998 27
27 49
49 3
998 1
998 35
35 41
998 11
998 5
5 980
998 456
456 6
6 6
6 45
45 403
998 24
24 2
2 222
222 3
3 0
0 164
998 136
136 13
13 10
10 194
998 1
998 47
47 40
40 2
2 111
999 441
441 55
55 55
55 9
9 109
998 8
999 441
998 91
999 55
55 9
9 109
998 92
999 11
11 863
863 60
60 27
27 149
149 4
998 21
999 9
9 109
998 11
11 334
999 11
11 291
291 133
133 2
2 157
157 131
131 7
7 23
23 199
199 203
998 56
56 0
998 644
644 3
998 1
998 55
55 126
126 21
21 81
81 235
235 11
998 209
209 174
998 7
7 4
4 0
998 19
998 1
1 11
998 13
13 2
998 58
58 26
26 234
999 10
10 120
120 158
158 569
569 7
7 168
168 148
148 60
60 14
14 0
0 228
998 226
226 6
6 6
998 4
998 133
998 5
998 7
7 2
998 5
998 669
998 17
998 0
998 4
998 8
8 127
999 11
11 291
998 3
998 5
998 21
21 88
88 39
39 137
137 78
78 0
998 1
1 785
785 190
190 14
14 0
0 219
219 669
669 21
998 600
600 127
127 2
2 111
998 1
1 340
340 8
8 84
999 11
11 195
195 26
26 35
998 17
17 320
320 20
20 166
166 4
998 68
68 56
56 420
420 2
998 62
62 260
260 4
4 117
117 7
7 23
23 135
135 15
998 1
1 21
21 66
66 109
109 74
998 3
998 2
998 286
998 63
998 6
6 6
998 19
998 5
5 20
20 2
2 76
76 18
18 30
30 97
97 781
781 39
39 2
998 27
999 9
9 12
12 284
284 963
963 4
4 10
998 1
1 12
998 663
663 6
6 6
6 1
1 9
9 237
237 51
51 677
998 29
998 1
998 6
6 6
6 0
998 168
168 12
12 39
39 836
836 1
1 11
11 12
12 28
28 3
3 40
998 3
3 2
2 329
999 6
6 6
6 8
8 12
998 736
736 1
1 860
999 6
6 6
6 8
8 12
12 261
998 4
4 26
26 36
36 2
998 3
3 0
0 234
998 1
1 828
998 1
998 1
998 7
7 169
998 6
6 6
6 8
8 12
12 20
998 38
998 7
7 0
0 217
999 9
9 62
62 633
633 9
9 95
95 193
193 10
10 2
998 82
82 9
9 100
100 9
9 39
998 226
226 3
3 54
54 117
117 144
144 0
0 242
242 188
188 16
16 121
121 267
267 4
4 18
999 0
0 110
110 12
12 39
39 567
567 370
370 9
9 373
998 76
76 0
0 771
771 12
12 424
424 0
0 225
998 36
36 8
8 12
12 415
415 30
30 9
9 185
185 100
100 3
3 227
227 506
506 190
190 4
4 130
999 1
1 0
0 256
256 966
966 1
1 0
0 308
308 967
967 641
641 94
94 21
21 100
100 0
0 666
666 544
544 125
125 435
435 485
998 993
993 524
524 415
415 505
505 505
999 28
28 0
0 93
93 184
184 4
4 0
998 85
85 207
998 14
14 305
999 759
759 239
239 34
34 10
10 27
27 29
29 28
999 43
43 54
54 60
998 4
4 759
759 44
44 3
3 601
601 5
5 30
30 386
386 27
27 48
998 8
8 5
5 4
4 361
361 0
0 180
180 4
4 20
20 102
102 10
10 591
999 10
10 16
16 5
5 0
998 272
272 132
132 188
188 99
99 22
22 109
109 603
603 597
999 0
0 162
998 42
998 7
998 213
213 2
998 957
957 11
998 1
998 0
0 303
999 6
6 6
998 4
4 908
908 0
0 865
865 3
3 47
47 549
549 4
4 0
998 3
3 112
112 1
998 50
50 21
998 0
998 3
998 1
1 272
999 6
6 6
6 0
0 921
921 798
798 68
68 4
4 130
130 11
11 54
54 631
631 3
3 86
86 95
95 20
20 845
845 74
74 97
998 6
6 6
6 27
27 1
1 2
2 357
357 380
380 6
6 6
998 181
999 155
155 7
7 10
10 16
16 160
160 97
97 274
274 0
998 22
998 44
998 1
1 0
998 22
22 377
377 19
998 31
31 804
804 14
14 37
37 232
232 7
7 0
0 48
48 697
999 459
459 37
37 214
998 55
999 52
52 116
116 20
20 130
130 72
72 1
1 585
998 456
456 0
0 18
998 107
107 12
12 2
998 91
91 336
336 239
239 4
998 4
4 703
998 107
107 25
25 116
116 2
2 751
751 285
285 14
14 23
23 232
999 279
279 7
998 192
192 151
151 67
67 20
998 17
17 67
67 51
998 7
7 63
63 537
999 9
9 429
429 11
11 703
998 31
31 804
804 14
14 23
23 232
232 82
82 11
11 5
5 47
998 220
220 24
998 37
37 804
804 14
999 52
52 220
220 24
24 73
73 2
998 500
500 27
27 3
3 0
0 84
84 4
998 493
999 10
10 179
179 36
36 138
138 11
11 354
354 120
120 389
998 42
42 250
250 31
998 1
999 9
9 405
998 232
232 4
4 26
998 456
456 1
1 50
50 52
998 52
52 116
116 20
20 634
634 7
998 34
34 97
97 922
922 135
999 52
998 0
0 167
167 456
456 0
0 18
18 52
52 60
998 37
998 38
998 271
999 43
43 37
37 514
514 110
110 12
12 35
998 9
998 9
9 116
116 20
20 64
64 8
999 9
9 200
998 754
754 12
12 751
751 13
999 9
9 24
24 106
106 37
37 7
998 68
998 1
998 13
13 71
71 1
1 7
7 248
248 3
3 129
129 342
342 52
52 42
998 51
51 265
265 1
1 51
51 145
999 52
52 5
5 2
998 33
33 66
66 296
296 1
998 227
227 6
6 6
6 9
9 237
237 51
51 742
742 29
29 85
85 105
998 829
829 943
943 128
998 232
232 7
999 53
53 45
998 254
254 1
1 702
998 295
295 4
4 24
998 0
0 213
213 3
3 37
999 35
35 105
105 79
79 24
998 19
19 0
0 187
187 11
998 147
147 62
62 163
163 36
999 54
998 4
4 11
11 5
5 35
35 47
999 9
9 273
273 284
284 14
14 2
998 3
999 9
9 458
458 4
4 118
118 49
49 40
40 0
0 145
145 246
246 486
486 0
999 1
998 423
423 497
497 172
172 11
11 7
7 83
999 9
9 77
77 152
152 175
175 4
4 64
64 286
286 317
317 386
386 344
998 9
9 12
12 51
998 15
15 0
998 30
30 0
998 1
1 162
162 4
4 24
998 7
998 14
14 0
0 87
87 879
879 3
3 129
998 1
1 0
999 8
8 179
179 11
11 45
45 3
3 0
998 152
152 891
891 11
11 129
129 104
104 135
135 67
67 947
947 4
4 26
998 821
821 1
1 20
20 0
0 750
999 10
998 9
9 200
200 497
497 31
998 969
969 4
998 11
11 35
35 105
105 3
3 172
172 118
118 30
30 518
999 9
9 77
77 200
998 12
998 1
1 157
157 7
7 129
129 135
999 1
1 52
52 413
998 0
998 11
11 67
998 0
998 1
1 0
998 7
7 815
999 46
46 12
12 27
27 541
541 7
7 0
998 134
134 115
115 0
998 3
998 65
65 0
998 111
998 11
11 9
9 362
998 252
999 9
9 412
412 259
259 52
52 12
12 492
492 4
998 11
11 1
1 35
998 6
6 6
6 9
9 571
571 43
43 105
105 3
3 0
998 33
998 0
0 232
232 67
67 979
979 4
4 64
64 0
998 3
3 9
9 114
998 456
456 0
0 422
422 16
999 98
98 28
28 143
143 3
3 172
172 33
33 367
367 4
4 118
118 37
37 60
60 140
140 254
254 58
58 20
20 24
24 97
97 313
313 47
998 12
12 62
62 36
36 7
7 37
37 388
388 16
16 150
999 9
9 100
998 2
998 7
7 0
0 107
107 11
11 12
12 514
999 52
998 28
28 0
0 203
998 14
14 172
172 4
4 64
64 0
998 39
998 4
998 336
336 0
0 203
203 279
279 3
998 152
998 0
998 3
3 0
0 164
999 7
7 37
998 986
986 4
4 398
398 0
998 16
16 325
325 3
3 11
998 52
52 800
998 47
47 58
998 4
4 26
26 37
998 6
6 6
6 9
9 259
259 11
998 0
0 211
211 457
998 114
998 1
998 28
998 78
78 27
998 312
999 1
1 52
52 116
116 8
8 15
15 31
998 1
998 11
11 12
12 469
998 12
12 2
2 325
325 463
463 14
998 754
999 9
9 429
429 8
8 924
924 2
998 3
3 83
83 537
537 37
37 93
93 7
7 0
0 679
999 9
9 77
77 429
429 8
8 924
924 37
37 31
999 10
10 231
231 26
26 0
998 450
450 3
998 121
121 90
999 0
0 892
892 1
998 139
998 0
998 103
103 3
3 0
998 1
999 32
32 675
675 85
85 4
999 53
998 13
998 67
67 122
122 224
999 0
998 3
998 7
998 29
29 228
228 329
329 39
39 7
7 57
57 14
998 4
4 26
998 30
30 0
998 567
567 12
12 20
20 96
96 76
999 459
459 8
8 452
998 1
1 20
20 734
998 190
999 2
2 165
998 641
641 3
3 0
998 56
56 7
7 0
998 3
3 0
998 1
998 58
58 24
998 2
2 171
999 0
0 113
998 5
998 60
998 0
998 218
218 1
1 461
461 33
33 65
998 63
63 282
999 459
459 80
80 330
998 67
67 968
968 13
998 1
1 53
53 48
48 241
241 0
998 147
147 327
327 92
999 2
2 122
998 58
58 24
24 73
73 641
641 3
3 92
998 4
4 119
119 0
998 3
3 63
999 401
998 1
998 135
135 3
998 98
998 0
0 691
691 34
34 0
998 139
139 24
998 29
29 0
0 126
999 70
70 95
95 64
64 91
91 85
998 65
998 20
20 39
39 10
998 218
218 17
17 28
28 0
0 356
998 29
29 113
999 0
998 0
998 3
998 689
998 29
29 89
89 87
998 1
999 8
8 706
706 56
998 14
14 55
55 324
998 31
998 69
998 960
998 960
998 561
998 964
998 717
998 1
998 4
998 53
53 148
148 7
7 621
998 12
12 448
448 355
355 29
29 0
0 57
57 0
0 61
61 297
297 266
999 169
169 276
276 7
7 2
2 133
998 534
998 0
0 855
855 17
17 39
39 13
13 677
998 239
239 34
34 8
8 78
998 1
999 0
0 18
18 5
5 31
31 562
562 4
998 228
228 852
852 15
15 2
998 3
998 11
11 5
5 60
998 451
451 19
19 0
0 443
443 3
3 79
79 33
33 67
67 448
448 0
998 3
998 1
999 356
356 10
10 5
5 0
0 180
998 4
998 2
998 7
7 0
998 3
3 702
702 17
17 2
2 177
998 30
998 6
6 6
998 0
998 3
3 0
0 18
18 10
10 5
5 2
998 15
15 389
998 1
1 554
999 221
221 2
998 3
3 18
998 7
7 45
45 135
135 1
1 31
998 3
3 8
8 29
29 80
80 371
999 28
28 7
7 28
28 0
998 484
484 5
998 625
998 17
17 8
8 5
5 109
109 28
28 76
76 38
38 28
28 48
48 39
39 2
2 222
222 122
122 69
69 746
746 3
3 0
999 574
998 22
22 800
800 4
4 2
998 1
998 81
81 20
999 0
998 5
998 17
998 6
6 6
998 831
831 8
999 41
998 359
359 13
998 19
998 10
998 5
998 1
1 244
999 39
39 189
189 89
89 101
101 1
1 61
61 15
15 2
998 3
998 7
7 45
998 2
2 219
998 179
179 49
999 20
20 0
0 87
998 681
998 299
998 121
121 116
116 653
653 407
407 42
42 0
0 235
235 3
3 2
2 84
998 11
11 12
998 78
78 358
358 154
154 97
998 95
95 26
26 90
999 46
46 22
22 45
45 682
682 970
970 456
456 1
1 53
53 2
2 165
998 639
639 17
17 0
0 61
61 13
13 2
2 219
219 459
459 147
147 738
738 56
56 4
4 72
72 6
6 6
998 5
5 2
998 148
148 13
13 874
998 1
1 28
999 48
999 60
60 98
98 45
998 116
116 9
998 9
9 411
411 10
10 16
999 1
1 98
98 869
869 761
761 34
34 28
28 0
0 80
998 128
128 1
1 522
522 40
40 8
8 45
45 49
49 9
9 843
843 11
11 9
9 411
411 8
999 9
9 114
114 312
312 103
103 236
236 82
82 32
32 22
22 35
999 32
32 607
607 24
24 2
998 440
440 746
746 1
1 126
998 19
19 0
0 80
80 535
535 160
160 55
55 136
136 562
999 9
998 15
15 80
998 11
11 130
130 41
41 96
999 7
7 169
169 93
93 10
10 18
18 5
5 947
947 4
998 123
123 274
999 35
35 389
389 456
456 0
0 18
18 21
21 235
235 36
36 320
320 46
46 21
21 235
235 0
998 0
998 0
998 0
998 0
998 0
998 505
505 505
505 6
6 6
6 7
7 169
169 93
93 0
0 162
998 21
21 78
78 0
0 443
443 3
3 0
0 101
101 59
59 5
5 132
132 35
35 105
105 79
79 235
235 35
998 11
11 0
0 16
16 663
663 92
999 98
98 9
998 144
144 8
8 9
9 405
405 0
0 167
999 17
17 716
716 45
998 9
998 11
11 10
10 5
5 85
85 0
0 16
16 65
65 4
4 26
26 0
0 61
61 209
209 0
998 41
41 0
998 21
21 0
0 507
507 235
235 6
6 6
6 0
998 1
1 381
998 21
21 7
7 0
0 135
135 491
998 1
998 15
998 1
999 253
253 9
998 546
998 103
103 202
202 2
998 112
112 98
98 28
28 209
209 2
2 16
16 409
409 4
4 361
361 2
2 61
61 10
10 18
18 5
5 391
391 27
27 3
3 54
54 156
999 9
9 39
39 212
212 0
0 16
16 19
19 254
999 9
9 62
62 489
489 8
999 9
9 36
36 2
2 48
48 721
999 1
1 10
10 27
27 65
65 68
998 56
56 4
4 0
0 126
998 116
116 2
2 48
48 285
999 9
9 58
998 8
8 4
4 2
2 454
999 9
9 118
118 11
998 10
10 18
18 12
12 20
20 2
998 629
629 17
17 7
7 695
695 3
998 354
998 87
87 3
3 59
59 24
24 73
998 112
112 324
998 3
3 28
998 423
423 7
7 10
10 773
998 977
977 2
2 329
329 631
999 0
998 0
998 7
7 45
45 3
3 0
998 944
944 17
17 8
998 2
998 312
998 279
279 420
420 0
998 312
998 3
3 399
998 1
1 45
45 3
3 89
998 1
1 157
157 1
998 6
6 6
6 1
998 3
998 44
44 5
5 0
998 647
998 173
173 13
13 0
0 948
948 805
998 602
998 5
5 356
998 13
13 25
25 706
706 44
44 7
7 0
0 440
440 3
3 23
23 579
579 3
3 574
574 60
60 4
4 26
998 663
663 29
29 47
47 487
487 44
44 4
4 398
398 23
23 278
998 7
7 0
0 743
743 3
3 0
998 180
180 3
998 29
29 0
998 3
3 0
998 799
999 50
50 9
9 212
212 0
998 0
998 9
9 846
846 2
998 2
998 2
998 12
998 742
742 6
6 6
998 0
0 521
521 990
998 1
1 53
998 229
998 1
998 13
13 151
151 7
7 0
998 3
998 1
998 78
78 10
10 776
776 3
3 399
998 764
764 114
114 218
218 1
998 7
7 2
2 898
898 59
59 5
998 801
801 1
1 241
241 784
784 5
5 124
124 15
15 172
999 85
85 893
893 66
66 21
21 74
998 503
503 493
493 36
998 785
785 2
2 733
733 3
3 520
520 1
1 74
998 2
999 5
5 893
893 261
261 4
998 2
998 4
4 395
999 11
11 271
271 133
998 277
277 8
8 139
139 271
271 124
124 26
26 399
999 830
830 0
998 10
10 16
998 6
6 6
6 0
0 503
503 175
175 2
998 14
14 63
998 443
999 17
17 91
91 269
998 1
1 32
32 24
24 4
4 350
350 63
998 4
4 74
74 0
998 406
998 166
166 4
998 0
999 32
32 384
384 8
998 352
998 260
260 338
999 1
1 0
0 131
131 29
29 0
0 440
440 33
33 714
714 4
4 26
26 0
0 27
27 11
11 297
297 0
0 269
269 5
5 0
0 27
999 17
17 0
0 270
270 5
5 974
998 7
7 0
999 20
20 282
282 54
54 57
57 121
121 170
999 6
6 6
6 17
17 8
8 5
5 122
122 69
998 740
999 9
9 12
12 742
742 29
29 0
0 477
477 654
654 10
10 18
18 182
182 34
34 755
999 9
9 212
212 8
8 27
27 521
521 308
308 19
19 254
254 1
1 8
8 629
629 0
998 9
9 158
158 100
100 8
8 12
12 141
141 7
7 50
50 8
8 84
999 241
241 9
9 362
362 8
8 177
177 71
71 15
15 2
2 315
315 969
969 38
38 104
104 1
1 31
31 216
998 19
19 2
999 478
998 263
998 14
14 23
23 214
214 59
59 177
177 72
998 56
56 0
998 388
998 3
3 23
23 605
605 1
1 305
305 321
321 290
290 8
8 177
177 782
999 9
9 391
391 369
369 8
8 13
13 2
998 253
253 45
45 3
3 0
998 59
59 231
231 24
24 452
452 2
2 222
998 7
7 146
146 195
195 295
998 59
59 5
5 2
2 876
998 11
998 5
5 389
389 39
39 335
335 13
13 2
998 425
425 3
3 36
998 39
39 4
4 74
999 13
13 0
0 18
18 748
748 2
998 172
172 0
998 5
5 35
998 21
21 231
231 823
823 3
998 43
43 136
136 549
549 2
2 918
998 5
999 71
71 9
9 88
88 100
100 97
97 27
27 42
998 3
998 34
34 307
307 10
10 18
18 17
17 2
2 165
165 195
195 24
998 3
999 0
998 5
5 0
0 425
425 3
3 16
16 11
11 160
998 163
163 48
48 6
6 6
6 51
998 451
451 19
19 0
0 779
998 61
998 5
5 40
40 2
998 17
998 246
246 33
998 2
998 131
131 602
602 84
84 314
998 482
999 276
998 7
7 23
23 338
338 52
52 5
998 30
30 2
998 2
2 903
998 1
998 2
998 11
998 183
183 0
0 669
669 1
998 37
37 4
998 2
2 171
999 1
1 4
4 37
998 500
998 240
240 71
71 6
6 6
6 459
459 37
998 4
4 81
81 35
35 5
5 0
0 322
322 213
213 3
3 0
0 18
999 0
0 112
112 5
5 177
998 4
4 130
130 0
0 217
217 1
1 133
133 0
0 173
173 5
5 158
158 836
836 0
0 225
225 5
998 1
1 0
0 16
16 35
998 476
476 26
998 4
4 526
998 600
999 278
278 0
0 149
149 60
998 40
998 226
226 17
17 8
8 28
28 732
732 2
2 171
999 738
738 4
4 10
10 2
2 356
356 378
998 484
484 1
1 46
46 21
21 22
22 6
6 6
6 46
46 22
22 103
103 11
11 22
22 35
35 76
76 32
32 22
22 244
244 4
4 102
999 8
8 5
5 278
278 11
11 0
998 42
42 2
2 165
998 0
0 18
998 35
35 72
72 9
9 412
412 159
159 56
56 49
49 69
69 31
998 1
1 30
30 0
0 57
57 0
0 219
219 149
149 5
5 125
125 123
123 418
418 75
998 34
999 43
43 8
998 14
998 93
93 15
15 2
998 10
10 58
58 26
26 0
998 14
999 193
193 8
8 2
2 701
701 6
6 6
998 1
1 793
793 22
22 20
20 204
204 0
0 84
84 687
687 11
11 210
210 4
4 337
337 50
998 29
29 217
998 33
33 231
231 81
81 136
136 2
2 149
149 859
859 183
183 1
1 722
722 40
40 18
999 6
6 6
6 241
241 45
45 3
3 0
0 113
113 103
103 3
3 0
0 516
516 44
44 3
3 0
0 483
483 0
998 7
7 2
998 266
266 308
308 1
1 0
0 530
998 2
2 657
657 3
998 11
998 92
92 699
699 2
998 1
1 89
998 3
998 1
999 6
6 6
6 115
115 0
998 613
613 2
2 981
981 854
854 4
4 161
161 18
18 0
0 60
998 7
7 368
368 0
0 113
998 385
998 7
998 12
12 2
998 34
34 0
998 7
7 2
998 15
15 129
998 6
6 6
6 34
34 0
0 541
541 0
0 323
998 3
3 623
623 885
998 2
998 5
998 183
998 180
180 1
1 13
13 0
0 371
998 8
998 121
999 6
6 6
6 243
243 233
233 11
998 15
15 2
2 453
453 483
483 17
998 392
998 2
998 1
998 11
11 160
160 21
21 13
998 13
13 25
25 179
999 1
998 233
233 73
998 183
998 14
14 96
96 205
205 1
1 0
998 7
7 2
998 1
998 5
998 86
86 14
14 0
0 228
228 57
999 6
6 6
6 241
998 129
998 96
96 72
72 4
4 612
612 146
999 1
1 437
437 152
152 32
32 65
65 24
24 8
8 579
999 6
6 6
998 25
998 50
50 11
998 3
3 2
998 86
86 1
998 44
44 28
28 3
3 0
998 0
998 42
42 73
998 40
998 203
999 0
998 5
5 14
14 86
86 4
4 632
632 127
127 14
14 23
23 199
199 48
999 17
17 294
294 25
25 297
998 78
78 23
23 199
199 936
999 6
6 6
6 1
1 47
47 2
2 180
180 3
998 25
25 635
635 50
50 25
998 19
19 23
998 1
1 708
708 141
141 19
19 2
2 849
849 11
11 195
195 38
38 195
195 20
20 24
24 73
998 184
184 34
34 2
998 154
999 6
6 6
6 203
203 239
239 233
233 7
7 939
939 15
15 0
998 0
998 23
23 199
998 7
7 2
2 566
998 23
23 285
285 160
160 86
86 571
571 704
704 25
25 5
5 317
317 13
998 13
13 143
143 25
25 42
998 4
4 694
694 7
999 36
998 7
998 266
266 66
66 25
998 47
47 25
25 5
999 6
6 6
6 50
50 25
25 42
998 321
321 4
4 463
463 25
998 11
11 25
25 42
998 23
998 626
626 15
15 2
998 895
895 0
998 33
33 179
179 13
13 43
43 52
52 66
66 463
463 23
998 78
78 138
138 282
282 579
579 338
338 4
999 6
6 6
6 0
998 3
3 10
10 881
881 18
18 5
998 1
999 0
0 582
582 3
3 892
892 11
998 4
4 0
0 358
998 0
0 225
225 4
4 2
2 322
998 0
0 403
403 5
998 202
998 78
998 202
998 38
999 6
6 6
6 1
1 28
28 3
3 10
998 446
446 1
1 110
110 209
209 96
998 38
998 4
998 0
0 573
573 890
998 895
895 5
5 335
335 4
4 83
83 931
999 52
52 275
275 731
731 4
4 26
26 31
31 500
500 3
998 1
1 37
998 238
238 849
849 5
5 13
998 128
128 13
13 5
5 37
998 7
7 542
542 37
37 4
999 0
0 135
135 194
998 1
998 49
998 1
998 0
998 25
25 179
179 4
999 6
6 6
6 778
778 0
0 126
126 3
3 23
998 642
998 1
998 23
23 171
998 79
79 66
66 74
74 78
78 378
998 96
96 25
25 536
999 27
998 819
819 1
1 320
320 7
7 125
125 123
123 418
999 6
6 6
6 368
368 47
47 160
160 10
10 18
18 35
35 469
998 5
5 0
0 274
274 11
11 176
176 95
95 137
998 349
349 14
14 215
215 249
249 258
258 14
14 286
286 33
33 5
5 261
261 35
35 264
264 4
4 81
81 203
203 15
15 27
998 7
7 0
998 27
27 349
998 38
998 38
38 87
998 667
667 4
998 21
21 24
24 55
998 125
998 42
42 204
998 0
998 810
810 92
92 4
4 0
999 115
115 0
998 613
613 120
120 35
35 7
7 2
2 811
999 6
6 6
6 27
998 3
3 31
998 10
10 878
998 18
18 42
42 2
998 330
998 3
3 2
998 11
11 558
558 295
295 44
44 3
3 266
266 19
19 721
998 726
999 85
85 51
999 6
6 6
6 17
998 439
998 97
97 16
16 439
439 33
33 745
745 106
106 10
10 27
27 22
22 7
7 14
14 2
999 252
252 20
20 106
106 0
0 922
922 104
104 7
7 0
998 3
998 99
99 9
9 12
12 2
2 111
998 4
4 102
102 0
998 6
6 6
6 186
186 8
8 12
12 2
2 51
998 559
559 1
1 9
9 152
152 24
24 0
0 428
428 3
3 20
998 47
47 12
998 667
667 4
4 20
20 307
307 0
0 84
84 104
104 103
999 248
248 168
168 3
3 0
0 61
61 12
12 758
758 4
4 376
376 1
1 9
998 7
7 114
114 15
15 0
998 154
154 8
8 65
998 0
999 9
9 88
88 100
100 9
9 24
24 121
121 288
288 136
136 31
998 90
90 1
998 18
18 258
258 31
31 208
208 18
999 230
230 9
9 607
998 239
239 34
34 208
208 1
1 705
705 581
581 99
99 10
10 12
12 136
136 83
998 4
4 68
998 5
5 27
27 3
3 0
0 87
998 103
103 8
998 123
123 676
676 34
34 0
0 84
84 329
998 0
0 228
228 808
808 154
154 0
0 885
998 6
6 6
998 12
12 317
317 751
751 13
13 23
23 214
214 13
999 198
198 538
538 2
2 171
171 40
40 23
23 83
83 342
342 7
7 0
998 1
1 146
146 10
998 280
280 42
42 27
27 49
49 4
4 738
738 4
4 23
999 9
9 163
163 963
963 4
4 307
307 49
49 3
3 23
23 99
99 7
7 0
0 679
679 6
6 6
6 0
998 67
998 15
15 416
416 248
248 27
27 12
12 224
998 1
1 9
9 12
12 39
998 30
30 0
998 3
3 10
10 16
999 71
71 224
998 10
10 2
2 712
712 211
211 5
998 17
999 0
0 516
516 42
998 78
998 96
998 19
19 247
247 0
0 283
283 364
364 74
74 289
289 1
1 15
15 51
51 111
111 669
669 14
998 1
1 80
80 519
519 247
247 8
998 1
998 709
709 6
6 6
6 0
998 183
183 0
998 120
120 20
998 34
34 129
998 8
8 984
984 4
4 959
959 2
998 746
998 814
814 1
1 42
42 2
2 550
550 173
998 0
0 77
77 550
998 798
798 9
9 768
768 749
749 0
0 687
687 671
671 173
173 13
13 14
14 450
450 438
998 42
42 2
998 214
214 4
4 0
0 18
18 1
1 23
23 61
61 5
998 43
43 20
20 49
49 665
665 69
69 0
0 857
857 6
6 6
6 0
0 18
18 841
841 182
998 0
998 313
313 34
34 10
10 18
18 1
1 42
